x,y,yaw,linear_velocity,angular_velocity,timestamp
0.0,0.0,0.7853981633974483,0.0,0.0,0.4
0.0014150295904008837,0.001413397063209737,0.784820977841735,0.020000000000000004,-0.005771855557132888,0.5
0.004246556874844049,0.004238720626530215,0.7843014898590108,0.04000000000000001,-0.00519487982724165,0.6
0.008495014073085982,0.00847553681733981,0.7840262570845563,0.06000000000000001,-0.0027523277445449246,0.7
0.014161023000591523,0.014123221549460357,0.7837785173372602,0.08000000000000002,-0.0024773974729610515,0.7999999999999999
0.02124510829068011,0.021181247874344004,0.7835555152539968,0.10000000000000002,-0.0022300208326337945,0.8999999999999999
0.029747710684539283,0.029649172799137584,0.7833547725145482,0.12000000000000002,-0.0020074273944854504,0.9999999999999999
0.03966919861976314,0.03952662576795538,0.7831740598955925,0.14,-0.001807126189556918,1.0999999999999999
0.051009878327702374,0.05081329860639344,0.7830113721528473,0.16000000000000003,-0.0016268774274514897,1.2
0.06377000262432887,0.06350893675241204,0.7828649054442144,0.18000000000000005,-0.0014646670863296407,1.3
0.07794977855685138,0.07761333161725668,0.7827330370360241,0.20000000000000007,-0.0013186840819026102,1.4000000000000001
0.09354937404858156,0.09312631393834478,0.7826143070607439,0.22000000000000008,-0.0011872997528028506,1.5000000000000002
0.11056892366720461,0.11004774800225404,0.782507402118092,0.2400000000000001,-0.0010690494265186423,1.6000000000000003
0.1290085336263614,0.1283775266303272,0.7824111405326727,0.2600000000000001,-0.0009626158541933272,1.7000000000000004
0.14886828611704342,0.14811556683215193,0.7823244591002542,0.28000000000000014,-0.0008668143241856718,1.8000000000000005
0.17014824305351367,0.16926180604346258,0.782246401171884,0.30000000000000016,-0.0007805792837016767,1.9000000000000006
0.19284844930809886,0.1918161988749997,0.7821761059403624,0.3200000000000002,-0.0007029523152168871,2.0000000000000004
0.2169689355000812,0.21577871430769982,0.7821127988073576,0.3400000000000002,-0.0006330713300473079,2.1000000000000005
0.2425097203958988,0.24114933327739735,0.782055782721813,0.3600000000000002,-0.0005701608554460336,2.2000000000000006
0.26947081297081166,0.2679280465991195,0.7820044303913919,0.3800000000000002,-0.000513523304211283,2.3000000000000007
0.29785221417598884,0.2961148531871452,0.7819581772786822,0.40000000000000024,-0.0004625311270967103,2.400000000000001
0.3276539184495199,0.32570975853237316,0.7819165153028355,0.42000000000000026,-0.000416619758467629,2.500000000000001
0.3588759150050609,0.35671277340328195,0.7818789871753601,0.4400000000000003,-0.00037528127475328077,2.600000000000001
0.3915181889276113,0.3891239127409416,0.7818451813060151,0.4600000000000003,-0.0003380586934502716,2.700000000000001
0.4255807221022182,0.42294319472221387,0.7818147272212395,0.4800000000000003,-0.00030454084775621837,2.800000000000001
0.46106349399815005,0.4581706399685168,0.7817872914433859,0.5000000000000003,-0.00027435777853579424,2.9000000000000012
0.4979664823282289,0.4948062708803774,0.7817625737842636,0.5200000000000004,-0.00024717659122286406,3.0000000000000013
0.5362896636005013,0.5328501110805011,0.7817403040112029,0.5400000000000004,-0.00022269773060745734,3.1000000000000014
0.5760330135772302,0.5723021849502896,0.7817202388480808,0.5600000000000004,-0.00020065163122051644,3.2000000000000015
0.6171965076542582,0.6131625172466684,0.7817021592775486,0.5800000000000004,-0.00018079570532192335,3.3000000000000016
0.6597801211721033,0.655431132787786,0.7816858681141124,0.6000000000000004,-0.00016291163436177314,3.4000000000000017
0.7037838296686653,0.6991080561976325,0.7816711878207884,0.6200000000000004,-0.00014680293324120797,3.5000000000000018
0.7492076090821209,0.7441933117009313,0.7816579585448079,0.6400000000000005,-0.00013229275980508604,3.600000000000002
0.7960514359114517,0.7906869229607988,0.7816460363503276,0.6600000000000005,-0.00011922194480273873,3.700000000000002
0.8443152873410535,0.8385889129526699,0.7816352916283221,0.6800000000000005,-0.00010744722005462393,3.800000000000002
0.8939991413350078,0.8878993038688596,0.7816256076658399,0.7000000000000005,-9.68396248222092e-05,3.900000000000002
0.9451029767058345,0.9386181170488962,0.7816168793586,0.7200000000000005,-8.72830723981366e-05,4.000000000000002
0.9976267731618866,0.9907453729314306,0.7816090120525236,0.7400000000000005,-7.867306076381197e-05,4.100000000000001
1.0515705113369649,1.0442810910241078,0.7816019205012458,0.7600000000000006,-7.091551277893515e-05,4.200000000000001
1.1069341728052313,1.0992252898882937,0.7815955279279596,0.7800000000000006,-6.39257328614029e-05,4.300000000000001
1.1637177400840575,1.1555779871359946,0.7815897651811188,0.8000000000000006,-5.762746840876076e-05,4.4
1.2219211966270678,1.2133391994366893,0.7815845699745766,0.8200000000000006,-5.195206542207842e-05,4.5
1.281544526809301,1.2725089425321296,0.7815798862036926,0.8400000000000006,-4.683770883984195e-05,4.6
1.3425877159061304,1.333087231257454,0.7815756633297862,0.8600000000000007,-4.222873906334357e-05,4.699999999999999
1.4050507500673302,1.3950740795672107,0.7815718558260858,0.8800000000000007,-3.807503700459236e-05,4.799999999999999
1.4689336162874653,1.4584695005651056,0.7815684226790093,0.9000000000000007,-3.43314707649256e-05,4.899999999999999
1.5342363023735885,1.5232735065364749,0.7815653269392344,0.9200000000000007,-3.0957397748831994e-05,4.999999999999998
1.600958796911075,1.5894861089826489,0.7815625353175699,0.9400000000000007,-2.791621664499644e-05,5.099999999999998
1.6691010892282818,1.6571073186565104,0.7815600178211441,0.9600000000000007,-2.5174964257246302e-05,5.1999999999999975
1.7386631693606023,1.726137145598671,0.7815577474258754,0.9800000000000008,-2.2703952688107876e-05,5.299999999999997
1.809645028014383,1.7965755991737937,0.7815556997815932,1.0000000000000007,-2.0476442821326657e-05,5.399999999999997
1.8820466565310845,1.8684226881066766,0.7815538529465477,1.0200000000000007,-1.846835045560269e-05,5.4999999999999964
1.9558680468519916,1.9416784205177875,0.7815521871483653,1.0400000000000007,-1.6657981824153012e-05,5.599999999999996
2.0311091914837154,2.0163428039580062,0.7815506845688108,1.0600000000000007,-1.5025795544243437e-05,5.699999999999996
2.1077700834646773,2.09241584544238,0.7815493291499763,1.0800000000000007,-1.3554188345477058e-05,5.799999999999995
2.185850716332717,2.1698975514827508,0.7815481064197557,1.1000000000000008,-1.2227302205847224e-05,5.899999999999995
2.26535108409393,2.248787928119144,0.7815470033346822,1.1200000000000008,-1.1030850735060937e-05,5.999999999999995
2.3462711811928094,2.329086980949846,0.7815460081383931,1.1400000000000008,-9.951962890220045e-06,6.099999999999994
2.4286110024837386,2.4107947151601268,0.7815451102341651,1.1600000000000008,-8.979042280810035e-06,6.199999999999994
2.5123705432038537,2.4939111355495744,0.7815443000701146,1.1800000000000008,-8.101640505131513e-06,6.299999999999994
2.597549798947292,2.578436246558043,0.7815435690358029,1.2000000000000008,-7.3103431161847254e-06,6.399999999999993
2.68414876564081,2.664370052290217,0.7815429093691076,1.2200000000000009,-6.596666952241037e-06,6.499999999999993
2.772167439520751,2.7517125565388163,0.7815423140723382,1.2400000000000009,-5.952967694788924e-06,6.5999999999999925
2.8616058171113394,2.8404637628064684,0.781541776836675,1.260000000000001,-5.372356631561104e-06,6.699999999999992
2.9524638952042577,2.9306236743262852,0.7815412919741038,1.280000000000001,-4.848625711595389e-06,6.799999999999992
3.0447416708394632,3.022192294081192,0.7815408543560987,1.300000000000001,-4.376180052112488e-06,6.8999999999999915
3.1384391412872046,3.115169624822048,0.7815404593583822,1.320000000000001,-3.949977164463547e-06,6.999999999999991
3.2335563040311817,3.209555669084618,0.78154010281116,1.340000000000001,-3.5654722223554813e-06,7.099999999999991
3.3300931567527985,3.305350429205435,0.7815397809542829,1.360000000000001,-3.2185687715013955e-06,7.19999999999999
3.42804969731646,3.40255390733662,0.7815394903968492,1.380000000000001,-2.9055743366868114e-06,7.29999999999999
3.5274259237558554,3.5011661054597023,0.781539228080805,1.400000000000001,-2.6231604417503718e-06,7.39999999999999
3.62822183426118,3.601187025398496,0.7815389912481454,1.420000000000001,-2.3683265957252786e-06,7.499999999999989
3.7304374271672387,3.702616668831089,0.7815387774113597,1.440000000000001,-2.138367857451584e-06,7.599999999999989
3.8340727009423845,3.8054550373009874,0.7815385843267978,1.460000000000001,-1.9308456185029854e-06,7.699999999999989
3.9391276541782427,3.9097021322274728,0.7815384099706697,1.480000000000001,-1.7435612811311785e-06,7.799999999999988
4.045602141497522,4.015357811940589,0.7815382525174145,1.4999979701834265,-1.5745325523397469e-06,7.899999999999988
4.152076787923411,4.121013619487936,0.7815381103202069,1.5,-1.4219720756436516e-06,7.999999999999988
4.258551447917712,4.226669413361713,0.7815379818993181,1.5,-1.2842088885633984e-06,8.099999999999987
4.365026120166038,4.33232519488649,0.7815378659186815,1.5,-1.1598063665019254e-06,8.199999999999987
4.471500803481463,4.437980965258391,0.781537761171932,1.5,-1.0474674949634277e-06,8.299999999999986
4.577975496792149,4.54363672555756,0.7815376665698035,1.5,-9.460212844203397e-07,8.399999999999986
4.684450199130174,4.649292476759419,0.7815375811287522,1.5,-8.544105138952318e-07,8.499999999999986
4.790924909621448,4.75494821974483,0.7815375039606853,1.5,-7.716806686985933e-07,8.599999999999985
4.897399627476609,4.860603955309274,0.7815374342636898,1.5,-6.969699550829489e-07,8.699999999999985
5.003874351982803,4.96625968417113,0.7815373713136615,1.5,-6.295002830114527e-07,8.799999999999985
5.1103490824962545,5.071915406979163,0.7815373144567482,1.5,-5.685691331080989e-07,8.899999999999984
5.216823793646145,5.177571099720524,0.7815372631025277,1.4999996507702742,-5.135422052049421e-07,8.999999999999984
5.323298472208895,5.28322675032351,0.7815372167178483,1.4999991226457876,-4.638467938633539e-07,9.099999999999984
5.4297731392306545,5.388882380620798,0.7815371748212685,1.4999988976966518,-4.1896579716649285e-07,9.199999999999983
5.536247816181012,5.49453801277337,0.7815371369780368,1.4999989812410792,-3.784323161504233e-07,9.299999999999983
5.642722511224075,5.6001936556561125,0.7815371027955593,1.4999991852490713,-3.418247751518777e-07,9.399999999999983
5.749197221767667,5.705849307395451,0.7815370719193074,1.4999993576600685,-3.0876251866374105e-07,9.499999999999982
5.855671941988685,5.811504962844085,0.7815370440291239,1.4999994524807205,-2.7890183496026566e-07,9.599999999999982
5.962146667828667,5.917160618544683,0.7815370188358871,1.4999994941406674,-2.519323678562557e-07,9.699999999999982
6.068621397975555,6.02281627371002,0.7815369960784994,1.4999995209422348,-2.2757387752037062e-07,9.799999999999981
6.175096132646782,6.128471929020765,0.781536975521168,1.499999554081648,-2.0557331348314278e-07,9.89999999999998
6.281570872219322,6.234127585270904,0.7815369569509504,1.4999995954895287,-1.8570217585889282e-07,9.99999999999998
6.388045616617148,6.339783242764269,0.7815369401755373,1.4999996384978809,-1.6775413058667255e-07,10.09999999999998
6.494520365366167,6.445438901372987,0.7815369250212516,1.499999677240255,-1.5154285737395412e-07,10.19999999999998
6.600995117880444,6.5510945608250575,0.7815369113312409,1.4999997099075897,-1.369001063622477e-07,10.29999999999998
6.707469873666754,6.65675022091054,0.7815368989638466,1.4999997375950829,-1.2367394308654411e-07,10.399999999999979
6.813944632371498,6.762405881531015,0.78153688779113,1.4999997620793906,-1.117271666295494e-07,10.499999999999979
6.92041939373442,6.868061542656265,0.7815368776975422,1.4999997845034838,-1.0093587787807223e-07,10.599999999999978
7.026894157530989,6.973717204269473,0.7815368685787233,1.4999998052153167,-9.11881894438693e-08,10.699999999999978
7.133368923543184,7.079372866340364,0.7815368603404174,1.4999998241663237,-8.238305948538027e-08,10.799999999999978
7.2398436915576925,7.1850285288253435,0.7815368528974933,1.4999998412961018,-7.442924054856803e-08,10.899999999999977
7.346318461374815,7.290684191678078,0.7815368461730606,1.499999856681989,-6.72443269955636e-08,10.999999999999977
7.452793232815106,7.396339854857657,0.7815368400976707,1.4999998705059545,-6.075389968884792e-08,11.099999999999977
7.559268005720035,7.501995518330669,0.7815368346085957,1.499999882969282,-5.489074927922388e-08,11.199999999999976
7.665742779948878,7.607651182069396,0.7815368296491778,1.4999998942384587,-4.959417854166759e-08,11.299999999999976
7.772217555375069,7.71330684604936,0.7815368251682409,1.499999904436829,-4.480936999229357e-08,11.399999999999975
7.878692331883737,7.818962510247916,0.7815368211195592,1.4999999136602975,-4.048681567780932e-08,11.499999999999975
7.985167109370458,7.924618174643962,0.7815368174613789,1.4999999219938907,-3.6581802920210293e-08,11.599999999999975
8.091641887740593,8.030273839218138,0.7815368141559841,1.4999999295193298,-3.305394802310957e-08,11.699999999999974
8.198116666908666,8.135929503952974,0.7815368111693063,1.4999999363149998,-2.986677838379137e-08,11.799999999999974
8.304591446797597,8.241585168832835,0.781536808470571,1.4999999424533872,-2.6987351908758228e-08,11.899999999999974
8.411066227337859,8.347240833843697,0.7815368060319794,1.499999947999482,-2.4385916841396238e-08,11.999999999999973
8.517541008466667,8.452896498972928,0.7815368038284194,1.4999999530109267,-2.2035599567260533e-08,12.099999999999973
8.624015790127284,8.558552164209098,0.7815368018372066,1.4999999575391283,-1.991212794649755e-08,12.199999999999973
8.730490572268428,8.66420782954186,0.7815368000378486,1.4999999616304183,-1.7993579515263036e-08,12.299999999999972
8.836965354843752,8.769863494961857,0.7815367984118335,1.4999999653268272,-1.6260151447511362e-08,12.399999999999972
8.943440137811386,8.875519160460637,0.7815367969424376,1.4999999686665033,-1.4693958938494234e-08,12.499999999999972
9.04991492113351,8.981174826030575,0.7815367956145531,1.4999999716839816,-1.3278845134578887e-08,12.599999999999971
9.156389704775956,9.086830491664784,0.7815367944145314,1.4999999744104429,-1.2000217708418859e-08,12.69999999999997
9.262864488707855,9.192486157357049,0.781536793330042,1.499999976874012,-1.084489387181975e-08,12.79999999999997
9.36933927290132,9.298141823101755,0.7815367923499453,1.4999999791000669,-9.80096670488706e-09,12.89999999999997
9.475814057331151,9.403797488893831,0.7815367914641772,1.499999981111525,-8.85768081104743e-09,12.99999999999997
9.582288841974579,9.509453154728694,0.7815367906636451,1.499999982929094,-8.005320406567762e-09,13.09999999999997
9.688763626811033,9.615108820602208,0.7815367899401343,1.499999984571489,-7.235108068215368e-09,13.199999999999969
9.795238411821925,9.720764486510634,0.7815367892862227,1.4999999860556195,-6.539115915416005e-09,13.299999999999969
9.90171319699046,9.826420152450597,0.7815367886952046,1.4999999873967607,-5.910180789214792e-09,13.399999999999968
10.008187982301463,9.93207581841905,0.7815367881610212,1.499999988608709,-5.341833642091842e-09,13.499999999999968
10.11466276774122,10.037731484413237,0.7815367876781983,1.499999989703928,-4.82822848368869e-09,13.599999999999968
10.221137553297343,10.143387150430675,0.7815367872417898,1.4999999906936758,-4.364085537389428e-09,13.699999999999967
10.327612338958632,10.249042816469114,0.7815367868473264,1.4999999915881248,-3.944633952812637e-09,13.799999999999967
10.434087124714972,10.354698482526526,0.78153678649077,1.4999999923964644,-3.565564288265932e-09,13.899999999999967
10.540561910557221,10.460354148601079,0.7815367861684717,1.499999993126997,-3.2229827695573476e-09,13.999999999999966
10.647036696477116,10.566009814691114,0.7815367858771345,1.499999993787224,-2.9133717660556613e-09,14.099999999999966
10.753511482467191,10.67166548079514,0.7815367856137792,1.4999999943839213,-2.633553819464396e-09,14.199999999999966
10.8599862685207,10.777321146911802,0.7815367853757135,1.4999999949232115,-2.3806570048634512e-09,14.299999999999965
10.966461054631546,10.882976813039884,0.7815367851605047,1.4999999954106262,-2.152087397178093e-09,14.399999999999965
11.072935840794218,10.98863247917828,0.7815367849659546,1.4999999958511634,-1.9455015376479423e-09,14.499999999999964
11.179410627003735,11.094288145325995,0.7815367847900765,1.4999999962493387,-1.7587811207420145e-09,14.599999999999964
11.285885413255599,11.199943811482132,0.7815367846310751,1.4999999966092317,-1.5900134542334854e-09,14.699999999999964
11.392360199545742,11.305599477645876,0.7815367844873282,1.4999999969345297,-1.4374688106499889e-09,14.799999999999963
11.498834985870486,11.411255143816494,0.7815367843573696,1.4999999972285636,-1.2995857723296922e-09,14.899999999999963
11.60530977222651,11.516910809993322,0.7815367842398744,1.4999999974943428,-1.174952579674482e-09,14.999999999999963
11.711784558610812,11.622566476175761,0.7815367841336449,1.499999997734587,-1.0622942525628787e-09,15.099999999999962
11.818259345020676,11.72822214236327,0.7815367840375991,1.4999999979517533,-9.604579354061116e-10,15.199999999999962
11.92473413145365,11.83387780855536,0.7815367839507589,1.4999999981480627,-8.684022390070822e-10,15.299999999999962
12.031208917907517,11.93953347475159,0.7815367838722401,1.4999999983255212,-7.851870265085381e-10,15.399999999999961
12.137683704380272,12.04518914095156,0.781536783801244,1.4999999984859427,-7.099605348059868e-10,15.499999999999961
12.244158490870104,12.150844807154911,0.7815367837370485,1.4999999986309656,-6.419553777448073e-10,15.59999999999996
12.350633277375374,12.256500473361315,0.7815367836790008,1.4999999987620705,-5.804769998007941e-10,15.69999999999996
12.457108063894605,12.362156139570478,0.781536783626511,1.499999998880595,-5.248983470096391e-10,15.799999999999963
12.56273105212441,12.466966560452677,0.781536783626511,1.4879999989280048,0.0,15.899999999999963
12.667161522745658,12.570593637873786,0.781536783626511,1.4711999989469688,0.0,15.999999999999963
12.770263188030691,12.672902132580155,0.781536783626511,1.4524799989545545,0.0,16.099999999999962
12.871170800001615,12.774648457020353,0.789536783626511,1.4329919989575888,0.08000000000000002,16.199999999999964
12.969066362922248,12.876568576164349,0.805536783626511,1.4131967989588026,0.16000000000000003,16.299999999999965
13.063142981594552,12.97933941690351,0.8295367836265111,1.3932787189592881,0.24000000000000005,16.399999999999967
13.152582921453652,13.083552379437686,0.8615367836265111,1.3733114869594822,0.32000000000000006,16.499999999999968
13.236543914231575,13.189691091806534,0.9015367836265111,1.35332459415956,0.4000000000000001,16.59999999999997
13.314151685983031,13.298110270493583,0.9495367836265112,1.333329837039591,0.4800000000000001,16.69999999999997
13.384498341719954,13.409014534254293,1.0055367836265112,1.3133319341916034,0.56,16.899999999999963
13.448453654332875,13.52142812154292,1.0535367836265113,1.2933327730524085,0.48000000000000004,16.999999999999964
13.506943787074587,13.634532835973147,1.0935367836265113,1.2733331085967305,0.4,17.099999999999966
13.560923863749062,13.747646024848962,1.1255367836265113,1.2533332428144592,0.32,17.199999999999967
13.61135612076675,13.860196891814507,1.1495367836265113,1.2333332965015507,0.24,17.29999999999997
13.659192671814516,13.971702236031591,1.1655367836265114,1.2133333179763872,0.15999999999999998,17.39999999999997
13.706290416296623,14.08395555110241,1.1735367836265114,1.2173333265663218,0.07999999999999996,17.49999999999997
13.753914335058859,14.197462956106811,1.1735367836265114,1.2309333300022955,-5.551115123125783e-17,17.599999999999973
13.803132364192574,14.312188477910453,1.1655367836265114,1.2483733313766852,-0.08000000000000007,17.699999999999974
13.853974187119396,14.425653382852452,1.1495367836265113,1.243349331926441,-0.1600000000000001,17.799999999999976
13.906920882166935,14.536601159999538,1.1255367836265113,1.2293397321463433,-0.2400000000000001,17.999999999999964
13.959109393679753,14.645960192508815,1.1255367836265113,1.2117358922343042,0.0,18.099999999999966
14.010477801220008,14.753600728467854,1.1255367836265113,1.1926943562694885,0.0,18.199999999999967
14.061001336612557,14.859470867111686,1.1255367836265113,1.1730777418835623,0.0,18.29999999999997
14.110670092587347,14.96354984813432,1.1255367836265113,1.1532310961291918,0.0,18.39999999999997
14.158660316897839,15.066216570430289,1.1335367836265113,1.1332924378274436,0.08000000000000002,18.49999999999997
14.204184984041541,15.167815052400757,1.1495367836265113,1.1133169745067444,0.16000000000000003,18.599999999999973
14.246485005431257,15.268633418137275,1.1735367836265114,1.0933267891784646,0.24000000000000005,18.699999999999974
14.284823490702014,15.368885843473425,1.2055367836265114,1.0733307150471527,0.32000000000000006,18.799999999999976
14.31848322225244,15.468696221222935,1.2455367836265114,1.0533322853946279,0.4000000000000001,18.899999999999977
14.346767702024621,15.568083128338188,1.2935367836265115,1.033332913533618,0.4800000000000001,19.099999999999966
14.370585067238165,15.66657766698324,1.3335367836265115,1.013333164789214,0.4000000000000001,19.199999999999967
14.390831311173784,15.76382579995167,1.3655367836265115,0.9933332652914525,0.32000000000000006,19.29999999999997
14.408496485142884,15.860214025132883,1.3895367836265116,0.9799361369468318,0.24000000000000005,19.39999999999997
14.424726504651842,15.957527610369143,1.4055367836265116,0.9865772856089835,0.16000000000000003,19.49999999999997
14.440407042399665,16.05641548049832,1.4135367836265116,1.0012337450738442,0.08000000000000002,19.599999999999973
14.456367329926904,16.157067566899958,1.4135367836265116,1.0190963288597885,0.0,19.699999999999974
14.473447266605092,16.259477171080984,1.4055367836265116,1.0382413623741662,-0.08000000000000002,19.799999999999976
14.49251787315827,16.363533996222102,1.3895367836265116,1.0578993757799173,-0.16000000000000003,19.899999999999977
14.513995795033537,16.46669820826327,1.3655367836265115,1.0537625811422178,-0.24000000000000005,19.99999999999998
14.538442472298405,16.567795209422677,1.3335367836265115,1.040107863287138,-0.32000000000000006,20.199999999999967
14.562478725669305,16.66719494005183,1.3335367836265115,1.0226459761451059,0.0,20.29999999999997
14.586068761689756,16.764749379580397,1.3335367836265115,1.0036612212882932,0.0,20.39999999999997
14.609198262977165,16.86039931978025,1.3335367836265115,0.984067319345568,0.0,20.49999999999997
14.631861502578495,16.954121077360135,1.3335367836265115,0.9642297585684779,0.0,20.599999999999973
14.654056189712533,17.045905179003555,1.3335367836265115,0.9442947342576419,0.0,20.699999999999974
14.675061979279018,17.135918760327186,1.3415367836265115,0.9243207245333075,0.08000000000000002,20.799999999999976
14.6942018508978,17.224303222038852,1.3575367836265115,0.9043311206435737,0.16000000000000003,20.899999999999977
14.710839001859465,17.311157663872702,1.3815367836265116,0.8843352790876802,0.24000000000000005,20.99999999999998
14.724375569239308,17.3965247819257,1.4135367836265116,0.8643369424653228,0.32000000000000006,21.09999999999998
14.734253560356787,17.480378733837423,1.4535367836265116,0.8443376078163798,0.4000000000000001,21.29999999999997
14.741477690624919,17.5649043715207,1.4855367836265116,0.8483378739568026,0.32000000000000006,21.39999999999997
14.746754581412143,17.65093648903738,1.5095367836265117,0.8619379804129718,0.24000000000000005,21.49999999999997
14.75073324751275,17.738784239659314,1.5255367836265117,0.8793780229954394,0.16000000000000003,21.599999999999973
14.754079699202418,17.828557292818058,1.5335367836265117,0.8983540400284264,0.08000000000000002,21.699999999999974
14.757499126965058,17.920288026973246,1.5335367836265117,0.9179444468416212,0.0,21.799999999999976
14.761742030271172,18.013970055603778,1.5255367836265117,0.9377806095668991,-0.08000000000000002,21.899999999999977
14.76760528026025,18.10956191687773,1.5095367836265117,0.9577150746570103,-0.16000000000000003,21.99999999999998
14.775930915491417,18.20697566786408,1.4855367836265116,0.9776888606930548,-0.24000000000000005,22.09999999999998
14.787322077334212,18.303674877857702,1.4535367836265116,0.9736783751074726,-0.32000000000000006,22.19999999999998
14.802358006264855,18.398497581726485,1.4135367836265116,0.9600741808732397,-0.4000000000000001,22.39999999999997
14.817120777317225,18.491597640541507,1.4135367836265116,0.9426325031795465,0.0,22.49999999999997
14.831586350628685,18.582823449118536,1.4135367836265116,0.9236558321020693,0.0,22.599999999999973
14.84574511025418,18.672114365383873,1.4135367836265116,0.9040651636710784,0.0,22.699999999999974
14.85959320981569,18.759446132508042,1.4135367836265116,0.884228896298682,0.0,22.799999999999976
14.873129110762008,18.844809047759256,1.4135367836265116,0.8642943893497234,0.0,22.899999999999977
14.885684660193778,18.92830234514011,1.4215367836265116,0.84432058657014,0.08000000000000002,22.99999999999998
14.896637175042958,19.010004606267174,1.4375367836265116,0.8243310654583066,0.16000000000000003,23.09999999999998
14.90540783081603,19.089958515828002,1.4615367836265116,0.8043352570135732,0.24000000000000005,23.19999999999998
14.91146155545328,19.168158238798526,1.4935367836265117,0.7843369336356799,0.32000000000000006,23.299999999999983
14.914308783554189,19.24453894988042,1.5335367836265117,0.7643376042845226,0.4000000000000001,23.49999999999997
14.914712892311908,19.321371674418646,1.5655367836265117,0.7683378725440596,0.32000000000000006,23.599999999999973
14.913247590589936,19.399551741789743,1.5895367836265117,0.7819379798478744,0.24000000000000005,23.699999999999974
14.910471073395497,19.47944131047763,1.6055367836265118,0.7993780227694003,0.16000000000000003,23.799999999999976
14.906974455643189,19.561201979574225,1.6135367836265118,0.8183540399380107,0.08000000000000002,23.899999999999977
14.903394133086989,19.64491990029443,1.6135367836265118,0.8379444468054549,0.0,23.99999999999998
14.900414763447545,19.730646203712883,1.6055367836265118,0.8577806095524325,-0.08000000000000002,24.09999999999998
14.898769981580653,19.818402298745138,1.5895367836265117,0.8777150746512236,-0.16000000000000003,24.19999999999998
14.899242122735313,19.908169943187957,1.5655367836265117,0.8976888606907399,-0.24000000000000005,24.299999999999983
14.902621023773262,19.998813493619174,1.5335367836265117,0.9070650586921025,-0.32000000000000006,24.399999999999984
14.909618226473347,20.08920070901185,1.4935367836265117,0.906576502677386,-0.4000000000000001,24.599999999999973
14.916521301604124,20.178372020100195,1.4935367836265117,0.8943810802714993,0.0,24.699999999999974
14.923294106460869,20.265860549107902,1.4935367836265117,0.8775029113091447,0.0,24.799999999999976
14.92992218396169,20.351479544924445,1.4935367836265117,0.8587516437242029,0.0,24.899999999999977
14.93639975127383,20.435154307105613,1.4935367836265117,0.8392511366902261,0.0,24.99999999999998
14.942724495264187,20.516854955473722,1.4935367836265117,0.8194509338766354,0.0,25.09999999999998
14.94889549067952,20.5965695379577,1.4935367836265117,0.7995308527511991,0.0,25.19999999999998
14.954290391625738,20.674338921083304,1.5015367836265117,0.7795628203010245,0.08000000000000002,25.299999999999983
14.958333944334955,20.750188777469837,1.5175367836265117,0.7595756073209547,0.16000000000000003,25.399999999999984
14.960497614983415,20.824115193416862,1.5415367836265117,0.7395807221289268,0.24000000000000005,25.499999999999986
14.960300416678983,20.896073200015184,1.5735367836265117,0.7195827680521156,0.32000000000000006,25.699999999999974
14.958365751696897,20.968405690203145,1.5975367836265117,0.7235835864213912,0.24000000000000005,25.799999999999976
14.955215953157628,21.042056759417118,1.6135367836265118,0.7371839137691014,0.16000000000000003,25.899999999999977
14.951388599088379,21.11742204220267,1.6215367836265118,0.7546240447081854,0.08000000000000002,25.99999999999998
14.947465000973121,21.194682487968343,1.6215367836265118,0.773600097083819,0.0,26.09999999999998
14.944075900521524,21.273929102893653,1.6135367836265118,0.7931905180340725,-0.08000000000000002,26.19999999999998
14.941902089106748,21.355202705447923,1.5975367836265117,0.8130266864141739,-0.16000000000000003,26.299999999999983
14.941673819984038,21.43849850804351,1.5735367836265117,0.8329611537662144,-0.24000000000000005,26.399999999999984
14.944169112574874,21.52375549394892,1.5415367836265117,0.8529349407070306,-0.32000000000000006,26.499999999999986
14.950210115106325,21.610838657294217,1.5015367836265117,0.8729244554833571,-0.4000000000000001,26.599999999999987
14.960656479604381,21.699517512726903,1.4535367836265116,0.8929202613938877,-0.4800000000000001,26.799999999999976
14.971056028070823,21.78779894835863,1.4535367836265116,0.8889185837581,0.0,26.899999999999977
14.981296460910265,21.87472965650174,1.4535367836265116,0.8753179127037849,0.0,26.99999999999998
14.991332858284554,21.959928314081154,1.4535367836265116,0.8578776442820588,0.0,27.09999999999998
15.00114725225843,22.043242391866855,1.4535367836265116,0.8389015369133684,0.0,27.19999999999998
15.01073245565779,22.124610878166827,1.4535367836265116,0.8193110939658923,0.0,27.299999999999983
15.020085593612988,22.204009368304266,1.4535367836265116,0.7994749167869019,0.0,27.399999999999984
15.028585881089748,22.281498581624515,1.4615367836265116,0.7795404459153057,0.08000000000000002,27.499999999999986
15.035659301299072,22.357125176149275,1.4775367836265116,0.7595666575666672,0.16000000000000003,27.599999999999987
15.0407774846199,22.43090557796808,1.5015367836265117,0.7395771422272118,0.24000000000000005,27.69999999999999
15.043457991492158,22.502813768568448,1.5335367836265117,0.7195813360914297,0.32000000000000006,27.899999999999977
15.044417401398919,22.575165709170427,1.5575367836265117,0.7235830136371169,0.24000000000000005,27.99999999999998
15.04421537964531,22.648883800819846,1.5735367836265117,0.7371836846553917,0.16000000000000003,28.09999999999998
15.043404894628898,22.72434184359461,1.5815367836265117,0.7546239530627017,0.08000000000000002,28.19999999999998
15.04257402879814,22.801697387654983,1.5815367836265117,0.7736000604256257,0.0,28.299999999999983
15.042356658636846,22.881016140145103,1.5735367836265117,0.7931905033707952,-0.08000000000000002,28.399999999999984
15.043434663284659,22.962311661170695,1.5575367836265117,0.8130266805488631,-0.16000000000000003,28.499999999999986
15.0465375204305,23.0455499641044,1.5335367836265117,0.8329611514200902,-0.24000000000000005,28.599999999999987
15.052440187148036,23.13063896833175,1.5015367836265117,0.852934939768581,-0.32000000000000006,28.69999999999999
15.061958755238752,23.21741089872838,1.4615367836265116,0.8729244551079773,-0.4000000000000001,28.79999999999999
15.075942972142263,23.305601077359515,1.4135367836265116,0.8929202612437359,-0.4800000000000001,28.99999999999998
15.08986451791017,23.393396026233976,1.4135367836265116,0.8889185836980393,0.0,29.09999999999998
15.103573060634234,23.479847690989278,1.4135367836265116,0.8753179126797607,0.0,29.19999999999998
15.117008467551162,23.564576849880424,1.4135367836265116,0.8578776442724492,0.0,29.299999999999983
15.130146685555637,23.647431814209416,1.4135367836265116,0.8389015369095246,0.0,29.399999999999984
15.14297809340553,23.728351908497054,1.4135367836265116,0.8193110939643548,0.0,29.499999999999986
15.15549884260399,23.80731286255166,1.4135367836265116,0.7994749167862868,0.0,29.599999999999987
15.167091072804737,23.884400171929713,1.4215367836265116,0.7795404459150597,0.08000000000000002,29.69999999999999
15.177183092194198,23.959683411880654,1.4375367836265116,0.7595666575665688,0.16000000000000003,29.79999999999999
15.185247610659037,24.033200124504244,1.4615367836265116,0.7395771422271725,0.24000000000000005,29.89999999999999
15.190801534076375,24.104943604536825,1.4935367836265117,0.719581336091414,0.32000000000000006,30.09999999999998
15.194653482489326,24.177199305140068,1.5175367836265117,0.7235830136371105,0.24000000000000005,30.19999999999998
15.19739955973414,24.25086650889443,1.5335367836265117,0.7371836846553892,0.16000000000000003,30.299999999999983
15.199607239908884,24.326296604039577,1.5415367836265117,0.7546239530627007,0.08000000000000002,30.399999999999984
15.20187043538479,24.40362349768689,1.5415367836265117,0.7736000604256252,0.0,30.499999999999986
15.204825143197034,24.482887496123258,1.5335367836265117,0.7931905033707951,-0.08000000000000002,30.599999999999987
15.209153239314277,24.564074880714973,1.5175367836265117,0.8130266805488631,-0.16000000000000003,30.69999999999999
15.215582258818499,24.647122520693273,1.4935367836265117,0.8329611514200902,-0.24000000000000005,30.79999999999999
15.224882856657901,24.731907419080958,1.4615367836265116,0.852934939768581,-0.32000000000000006,30.89999999999999
15.237863762632054,24.818229299988094,1.4215367836265116,0.8729244551079773,-0.4000000000000001,30.999999999999993
15.255363460178872,24.90578971635968,1.3735367836265115,0.8929202612437359,-0.4800000000000001,31.19999999999998
15.272784731745489,24.99295772529323,1.3735367836265115,0.8889185836980393,0.0,31.299999999999983
15.289939453610431,25.078792042441542,1.3735367836265115,0.8753179126797607,0.0,31.399999999999984
15.30675237628511,25.162916154065734,1.3735367836265115,0.8578776442724492,0.0,31.499999999999986
15.323193399974087,25.245179454670257,1.3735367836265115,0.8389015369095246,0.0,31.599999999999987
15.339250484759193,25.32552170205689,1.3735367836265115,0.8193110939643548,0.0,31.69999999999999
15.354918814673155,25.40391879934634,1.3735367836265115,0.7994749167862868,0.0,31.79999999999999
15.369584442502447,25.48048088153163,1.3815367836265116,0.7795404459150597,0.08000000000000002,31.89999999999999
15.382678915993871,25.555300329784412,1.3975367836265116,0.7595666575665688,0.16000000000000003,31.999999999999993
15.393676868093515,25.62843574215532,1.4215367836265116,0.7395771422271725,0.24000000000000005,32.099999999999994
15.402095322963241,25.699899737356525,1.4535367836265116,0.719581336091414,0.32000000000000006,32.29999999999998
15.408833647586626,25.771943604253796,1.4775367836265116,0.7235830136371105,0.24000000000000005,32.399999999999984
15.414523430692073,25.845442068301924,1.4935367836265117,0.7371836846553892,0.16000000000000003,32.499999999999986
15.41974574424064,25.920723543756118,1.5015367836265117,0.7546239530627007,0.08000000000000002,32.59999999999999
15.425099380393236,25.99789808045606,1.5015367836265117,0.7736000604256252,0.0,32.69999999999999
15.431221439276824,26.076980519349927,1.4935367836265117,0.7931905033707951,-0.08000000000000002,32.79999999999999
15.43879270283299,26.15792988501147,1.4775367836265116,0.8130266805488631,-0.16000000000000003,32.89999999999999
15.448537599635836,26.24065400352628,1.4535367836265116,0.8329611514200902,-0.24000000000000005,32.99999999999999
15.461221249624582,26.32499915832336,1.4215367836265116,0.852934939768581,-0.32000000000000006,33.099999999999994
15.477643726801727,26.4107328931459,1.3815367836265116,0.8729244551079773,-0.4000000000000001,33.199999999999996
15.498630909208847,26.497523469270305,1.3335367836265115,0.8929202612437359,-0.4800000000000001,33.399999999999984
15.519524036256009,26.5839250880435,1.3335367836265115,0.8889185836980393,0.0,33.499999999999986
15.540097493366323,26.66900474098773,1.3335367836265115,0.8753179126797607,0.0,33.59999999999999
15.560261034709038,26.752389224711894,1.3335367836265115,0.8578776442724492,0.0,33.69999999999999
15.579978561951851,26.83392925785955,1.3335367836265115,0.8389015369095246,0.0,33.79999999999999
15.599235635761842,26.913565127888116,1.3335367836265115,0.8193110939643548,0.0,33.89999999999999
15.618026480405842,26.99127294978057,1.3335367836265115,0.7994749167862868,0.0,33.99999999999999
15.635742043987653,27.067187321773975,1.3415367836265115,0.7795404459150597,0.08000000000000002,34.099999999999994
15.651818023216794,27.141423283172024,1.3575367836265115,0.7595666575665688,0.16000000000000003,34.199999999999996
15.665731814573988,27.21406039423185,1.3815367836265116,0.7395771422271725,0.24000000000000005,34.3
15.677001333164153,27.28513057745419,1.4135367836265116,0.719581336091414,0.32000000000000006,34.499999999999986
15.686615254116008,27.35684735582699,1.4375367836265116,0.7235830136371105,0.24000000000000005,34.59999999999999
15.695239640642873,27.430059498305244,1.4535367836265116,0.7371836846553892,0.16000000000000003,34.69999999999999
15.703468232977619,27.505071919766948,1.4615367836265116,0.7546239530627007,0.08000000000000002,34.79999999999999
15.71190374513111,27.581970636723824,1.4615367836265116,0.7736000604256252,0.0,34.89999999999999
15.721183361097795,27.66074500104298,1.4535367836265116,0.7931905033707951,-0.08000000000000002,34.99999999999999
15.73198567968631,27.741326846057568,1.4375367836265116,0.8130266805488631,-0.16000000000000003,35.099999999999994
15.7450308640317,27.82359510216614,1.4135367836265116,0.8329611514200902,-0.24000000000000005,35.199999999999996
15.76107727503551,27.907365579117613,1.3815367836265116,0.852934939768581,-0.32000000000000006,35.3
15.780915050955437,27.99237401216873,1.3415367836265115,0.8729244551079773,-0.4000000000000001,35.4
15.805356143208034,28.07825590163849,1.2935367836265115,0.8929202612437359,-0.4800000000000001,35.59999999999999
15.829687701189426,28.163752906092654,1.2935367836265115,0.8889185836980393,0.0,35.69999999999999
15.853646980402509,28.24794178553745,1.2935367836265115,0.8753179126797607,0.0,35.79999999999999
15.877128883048439,28.330453243975363,1.2935367836265115,0.8578776442724492,0.0,35.89999999999999
15.90009137000768,28.411139563007392,1.2935367836265115,0.8389015369095246,0.0,35.99999999999999
15.922517625632416,28.489941655273935,1.2935367836265115,0.8193110939643548,0.0,36.099999999999994
15.944400923663524,28.56683588583115,1.2935367836265115,0.7994749167862868,0.0,36.199999999999996
15.965138081875242,28.641981100831686,1.3015367836265115,0.7795404459150597,0.08000000000000002,36.3
15.984169848704692,28.715514813672925,1.3175367836265115,0.7595666575665688,0.16000000000000003,36.4
16.00097722022138,28.787537419539063,1.3415367836265115,0.7395771422271725,0.24000000000000005,36.5
16.015079773706272,28.858100093650215,1.3735367836265115,0.719581336091414,0.32000000000000006,36.69999999999999
16.027553910763935,28.929375051951908,1.3975367836265116,0.7235830136371105,0.24000000000000005,36.79999999999999
16.039099103533545,29.00218374905008,1.4135367836265116,0.7371836846553892,0.16000000000000003,36.89999999999999
16.050320810662072,29.07680711264675,1.4215367836265116,0.7546239530627007,0.08000000000000002,36.99999999999999
16.061824703796493,29.153306988317613,1.4215367836265116,0.7736000604256252,0.0,37.099999999999994
16.074247031440276,29.23164725588345,1.4135367836265116,0.7931905033707951,-0.08000000000000002,37.199999999999996
16.08826312365577,29.311732666488936,1.3975367836265116,0.8130266805488631,-0.16000000000000003,37.3
16.104587726031575,29.39341344853112,1.3735367836265115,0.8329611514200902,-0.24000000000000005,37.4
16.123971227215893,29.476475232743944,1.3415367836265115,0.852934939768581,-0.32000000000000006,37.5
16.147192565668966,29.560622368664923,1.3015367836265115,0.8729244551079773,-0.4000000000000001,37.6
16.175048467233257,29.64545817877738,1.2535367836265114,0.8929202612437359,-0.4800000000000001,37.79999999999999
16.202779530846566,29.729913791943773,1.2535367836265114,0.8889185836980393,0.0,37.89999999999999
16.230086302426713,29.813077213641357,1.2535367836265114,0.8753179126797607,0.0,37.99999999999999
16.25684900034083,29.894583646061026,1.2535367836265114,0.8578776442724492,0.0,38.099999999999994
16.283019711935765,29.97428717007914,1.2535367836265114,0.8389015369095246,0.0,38.199999999999996
16.30857927215026,30.052129418046245,1.2535367836265114,0.8193110939643548,0.0,38.3
16.333520014959813,30.128087042902557,1.2535367836265114,0.7994749167862868,0.0,38.4
16.35724559277199,30.202342884596344,1.2615367836265114,0.7795404459150597,0.08000000000000002,38.5
16.379202700434714,30.275056710626583,1.2775367836265115,0.7595666575665688,0.16000000000000003,38.6
16.398876763901853,30.34634959049365,1.3015367836265115,0.7395771422271725,0.24000000000000005,38.7
16.415789791204286,30.416291870267603,1.3335367836265115,0.719581336091414,0.32000000000000006,38.89999999999999
16.43110418840947,30.487010983769423,1.3575367836265115,0.7235830136371105,0.24000000000000005,38.99999999999999
16.44555171757624,30.55929975710385,1.3735367836265115,0.7371836846553892,0.16000000000000003,39.099999999999994
16.45974858716098,30.633414681372543,1.3815367836265116,0.7546239530627007,0.08000000000000002,39.199999999999996
16.47430245750135,30.70939333227542,1.3815367836265116,0.7736000604256252,0.0,39.3
16.489847623747956,30.787174175371526,1.3735367836265115,0.7931905033707951,-0.08000000000000002,39.4
16.507055066832823,30.86663503199492,1.3575367836265115,0.8130266805488631,-0.16000000000000003,39.5
16.526632971357632,30.947597668143754,1.3335367836265115,0.8329611514200902,-0.24000000000000005,39.6
16.54932255325549,31.029817878482092,1.3015367836265115,0.852934939768581,-0.32000000000000006,39.7
16.5758903050538,31.112969099805888,1.2615367836265114,0.8729244551079773,-0.4000000000000001,39.800000000000004
16.60711645242956,31.196623111362197,1.2135367836265114,0.8929202612437359,-0.4800000000000001,39.99999999999999
16.638202657888648,31.279902222275993,1.2135367836265114,0.8889185836980393,0.0,40.099999999999994
16.668813236826466,31.361907142492235,1.2135367836265114,0.8753179126797607,0.0,40.199999999999996
16.69881391540118,31.4422781559889,1.2135367836265114,0.8578776442724492,0.0,40.3
16.728150984076045,31.520871376357185,1.2135367836265114,0.8389015369095246,0.0,40.4
16.756802959036374,31.597629249033567,1.2135367836265114,0.8193110939643548,0.0,40.5
16.784761246756286,31.672528752192633,1.2135367836265114,0.7994749167862868,0.0,40.6
16.81143728830561,31.745776427073363,1.2215367836265114,0.7795404459150597,0.08000000000000002,40.7
16.83628461011328,31.81755403968241,1.2375367836265114,0.7595666575665688,0.16000000000000003,40.800000000000004
16.858793891226235,31.888003140150953,1.2615367836265114,0.7395771422271725,0.24000000000000005,40.900000000000006
16.87849033511044,31.957213132860296,1.2935367836265115,0.719581336091414,0.32000000000000006,41.099999999999994
16.896620492694513,32.02726326606658,1.3175367836265115,0.7235830136371105,0.24000000000000005,41.199999999999996
16.91394724529375,32.098916469020715,1.3335367836265115,0.7371836846553892,0.16000000000000003,41.3
16.93109656537187,32.17240438589293,1.3415367836265115,0.7546239530627007,0.08000000000000002,41.4
16.9486771298303,32.247740262394295,1.3415367836265115,0.7736000604256252,0.0,41.5
16.96732026572986,32.32483724826409,1.3335367836265115,0.7931905033707951,-0.08000000000000002,41.6
16.987691531445893,32.40354643048554,1.3175367836265115,0.8130266805488631,-0.16000000000000003,41.7
17.01049141764887,32.48366139779429,1.2935367836265115,0.8329611514200902,-0.24000000000000005,41.800000000000004
17.036450781769418,32.564908499460984,1.2615367836265114,0.852934939768581,-0.32000000000000006,41.900000000000006
17.066322444177576,32.64693078197146,1.2215367836265114,0.8729244551079773,-0.4000000000000001,42.00000000000001
17.100868882190223,32.729269166398375,1.1735367836265114,0.8929202612437359,-0.4800000000000001,42.199999999999996
17.135260498197727,32.811238546247374,1.1735367836265114,0.8889185836980393,0.0,42.3
17.169125914096824,32.89195377460338,1.1735367836265114,0.8753179126797607,0.0,42.4
17.202316578646215,32.97106079270035,1.1735367836265114,0.8578776442724492,0.0,42.5
17.234773071349373,33.048417977031875,1.1735367836265114,0.8389015369095246,0.0,42.6
17.266471624007693,33.12396867819539,1.1735367836265114,0.8193110939643548,0.0,42.7
17.297402729341727,33.197690236429864,1.1735367836265114,0.7994749167862868,0.0,42.800000000000004
17.3269865586523,33.26981256384307,1.1815367836265114,0.7795404459150597,0.08000000000000002,42.900000000000006
17.35468434419051,33.34053913416249,1.1975367836265114,0.7595666575665688,0.16000000000000003,43.00000000000001
17.37999283290122,33.4100317517001,1.2215367836265114,0.7395771422271725,0.24000000000000005,43.10000000000001
17.402441183258667,33.47839873612051,1.2535367836265114,0.719581336091414,0.32000000000000006,43.3
17.42335809683706,33.54766782376136,1.2775367836265115,0.7235830136371105,0.24000000000000005,43.4
17.44353635376078,33.61857082649566,1.2935367836265115,0.7371836846553892,0.16000000000000003,43.5
17.463610689078486,33.691314170980995,1.3015367836265115,0.7546239530627007,0.08000000000000002,43.6
17.484189822502167,33.765886751749235,1.3015367836265115,0.7736000604256252,0.0,43.7
17.50590110301423,33.84217654166179,1.2935367836265115,0.7931905033707951,-0.08000000000000002,43.800000000000004
17.52940360168192,33.92000813158015,1.2775367836265115,0.8130266805488631,-0.16000000000000003,43.900000000000006
17.55538899460885,33.999147263191404,1.2535367836265114,0.8329611514200902,-0.24000000000000005,44.00000000000001
17.5845766115072,34.079291278155566,1.2215367836265114,0.852934939768581,-0.32000000000000006,44.10000000000001
17.617704396237635,34.16005340369786,1.1815367836265114,0.8729244551079773,-0.4000000000000001,44.20000000000001
17.655515857955862,34.240944437144876,1.1335367836265113,0.8929202612437359,-0.4800000000000001,44.30000000000001
17.698375432605303,34.32067096639127,1.0775367836265113,0.9051664269517977,-0.56,44.40000000000001
17.746341397797945,34.39764578024426,1.0135367836265112,0.9069650370639437,-0.6400000000000001,44.500000000000014
17.79935701183178,34.470807011854326,0.9437236135467381,0.9035054588704359,-0.6981317007977318,44.600000000000016
17.85712313810111,34.539824437190816,0.8739104434669649,0.9000183522707712,-0.6981317007977318,44.70000000000002
17.91946542844712,34.60454292801729,0.8040972733871917,0.8986124982684426,-0.6981317007977318,44.80000000000002
17.986190444035632,34.66477309170598,0.7342841033074186,0.8988826577064455,-0.6981317007977318,44.90000000000002
18.05701564912166,34.7202500396782,0.6644709332276454,0.8996611268577793,-0.6981317007977318,45.00000000000002
18.13148452552951,34.77082228351817,0.5965649243873061,0.9001758384036452,-0.6790600884033924,45.10000000000002
18.2089258970906,34.816733139460396,0.5351430643008622,0.9002762199798044,-0.6142186008644388,45.200000000000024
18.28878618409623,34.858266816368506,0.4795816594521413,0.9001506406223854,-0.5556140484872092,45.300000000000026
18.370619583411592,34.89572980074783,0.42931795024745284,0.9000100245059864,-0.5026370920468848,45.40000000000003
18.454065619750875,34.92943171147934,0.38384389565773597,0.8999477633558349,-0.4547405458971685,45.50000000000003
18.538827858958754,34.959673048111874,0.342700679885409,0.8999542008822733,-0.41143215772327,45.60000000000003
18.624659767460624,34.986739634190435,0.3054738339642628,0.8999842553634846,-0.3722684592114618,45.70000000000003
18.711356617348383,35.01090074448671,0.27178887402672464,0.9000057239378784,-0.3368495993753817,45.80000000000003
18.798750047390957,35.03240851454001,0.24130738405591778,0.9000108770049088,-0.3048148997080684,45.900000000000034
18.887133062227626,35.05159100529448,0.2137234921069842,0.9044072790045488,-0.27583891948933603,46.000000000000036
18.97731876886647,35.0688195691316,0.1887600249356989,0.9181658398044048,-0.2496346717128528,46.10000000000004
19.069596932394667,35.08429568796461,0.16616520074162616,0.9356692641243473,-0.22594824194072727,46.20000000000004
19.16405232091469,35.09815713705667,0.14571121031008538,0.9546706338523242,-0.20453990431540792,46.30000000000004
19.260692419499062,35.110515725218825,0.12719224374578586,0.974271181743515,-0.18518966564299522,46.40000000000004
19.35949810917826,35.12147065383617,0.1104224614773776,0.9941114008999913,-0.16769782268408262,46.50000000000004
19.460443358808103,35.131113250362496,0.09523407639148507,1.0140474885625819,-0.1518838508589253,46.600000000000044
19.563502535022455,35.139528687573055,0.08147559442180403,1.034021923627618,-0.13758481969681036,46.700000000000045
19.668652822570564,35.14679667329516,0.06901021876860677,1.0540116976536325,-0.12465375653197253,46.80000000000005
19.77587475950061,35.15299180409115,0.057714408842695894,1.0740076072640383,-0.11295809925910882,47.000000000000036
19.88269719909319,35.15916385250001,0.057714408842695894,1.0700059711082006,0.0,47.10000000000004
19.98816183776788,35.16525744910579,0.057714408842695894,1.0564053166458656,0.0,47.20000000000004
20.091885354092504,35.17125044614212,0.057714408842695894,1.0389650548609315,0.0,47.30000000000004
20.193714419494192,35.177133984502454,0.057714408842695894,1.019988950146958,0.0,47.40000000000004
20.2935877025438,35.18290452054417,0.057714408842695894,1.0003985082613684,0.0,47.50000000000004
20.391480670669665,35.18856063681022,0.057714408842695894,0.9805623315071327,0.0,47.600000000000044
20.48733611340539,35.1948688035403,0.0657144088426959,0.9606278608054384,0.08000000000000002,47.700000000000045
20.581087646500503,35.20254675143609,0.0817144088426959,0.9406540725247606,0.16000000000000003,47.80000000000005
20.672640135138085,35.21226138438531,0.10571440884269591,0.9206645572124895,0.24000000000000005,47.90000000000005
20.761854288419915,35.22462572205713,0.13771440884269592,0.900668751087581,0.32000000000000006,48.10000000000004
20.851140980286072,35.23919186430934,0.16171440884269594,0.9046704286376177,0.24000000000000005,48.20000000000004
20.94152184183537,35.25542510151795,0.17771440884269596,0.9182710996576323,0.16000000000000003,48.30000000000004
21.033483984278686,35.27270289074308,0.18571440884269597,0.9357113680656381,0.08000000000000002,48.40000000000004
21.127311107257572,35.290331071333036,0.18571440884269597,0.9546874754288405,0.0,48.50000000000004
21.223204441681297,35.30755439956581,0.17771440884269596,0.9742779183741214,-0.08000000000000002,48.600000000000044
21.32131880036885,35.323560678617675,0.16171440884269594,0.9941140955522337,-0.16000000000000003,48.700000000000045
21.421722151095157,35.33777729261628,0.14065995179529173,1.0140485664234786,-0.2105445704740423,48.80000000000005
21.52436120044455,35.350317143107226,0.12157177235328981,1.0340223547719767,-0.19088179442001918,48.90000000000005
21.629190013851492,35.36128665098358,0.10426265392192285,1.0540118701113759,-0.17309118431366954,49.00000000000005
21.7361698582887,35.37078600730746,0.08856347980283616,1.0740076762471356,-0.156991741190867,49.20000000000004
21.842751103301723,35.38024996969353,0.08856347980283616,1.0700059987014394,0.0,49.30000000000004
21.94797761156383,35.389593637203596,0.08856347980283616,1.0564053276831609,0.0,49.40000000000004
22.05146692814433,35.398783049462374,0.08856347980283616,1.0389650592758495,0.0,49.50000000000004
22.153066071070945,35.40780462231975,0.08856347980283616,1.0199889519129248,0.0,49.600000000000044
22.25271384755477,35.41665292211568,0.08856347980283616,1.000398508967755,0.0,49.700000000000045
22.350385780480238,35.42532577538615,0.08856347980283616,0.980562331789687,0.0,49.80000000000005
22.446072079001123,35.43382231274555,0.08856347980283616,0.9606278609184599,0.0,49.90000000000005
22.539768826778936,35.44214218643963,0.08856347980283616,0.940654072569969,0.0,50.00000000000005
22.63147445727828,35.45028525736671,0.08856347980283616,0.9206645572305727,0.0,50.10000000000005
22.721121744035564,35.458968918405944,0.09656347980283617,0.9006687510948141,0.08000000000000002,50.30000000000004
22.811167334313442,35.46769116101177,0.09656347980283617,0.9046704286405107,0.0,50.40000000000004
22.902634557095265,35.475813062344976,0.08856347980283616,0.9182710996587894,-0.08000000000000002,50.50000000000004
22.995903709554263,35.48332457636425,0.08036244313899922,0.9357113680661009,-0.08201036663836936,50.600000000000044
23.091118709695436,35.49028054542157,0.07292583779996135,0.9546874754290254,-0.07436605339037872,50.700000000000045
23.18833321633487,35.49672370622719,0.06618097887807624,0.9742779183741953,-0.06744858921885122,50.80000000000005
23.287565368263767,35.50269098142758,0.06006216515552172,0.9941140955522633,-0.06118813722554517,50.90000000000005
23.38881960793217,35.50821582530128,0.054510020912997,1.0140485664234904,-0.05552144242524726,51.00000000000005
23.49209533751905,35.513329139293155,0.049470886755918514,1.0340223547719813,-0.05039134157078484,51.10000000000005
23.597390315124873,35.51805966932122,0.044896264810509574,1.0540118701113776,-0.04574621945408941,51.20000000000005
23.70470195585965,35.52243421491905,0.040742316592121824,1.0740076762471362,-0.041539482183877485,51.40000000000004
23.811613760920423,35.5267924612657,0.040742316592121824,1.0700059987014396,0.0,51.50000000000004
23.917166627535646,35.531095310656774,0.040742316592121824,1.056405327683161,0.0,51.600000000000044
24.02097691459671,35.535327124010514,0.040742316592121824,1.0389650592758497,0.0,51.700000000000045
24.12289116566016,35.53948164569422,0.040742316592121824,1.019988951912925,0.0,51.80000000000005
24.22284799814862,35.543556373454805,0.040742316592121824,1.0003985089677552,0.0,51.90000000000005
24.32082285903114,35.547550306391045,0.040742316592121824,0.9805623317896872,0.0,52.00000000000005
24.41680592709534,35.55146304414244,0.040742316592121824,0.9606278609184601,0.0,52.10000000000005
24.510793273856265,35.55529442656479,0.040742316592121824,0.9406540725699692,0.0,52.20000000000005
24.602783327919937,35.55904438960043,0.040742316592121824,0.9206645572305729,0.0,52.300000000000054
24.69277546072876,35.56271290762628,0.040742316592121824,0.9006687510948144,0.0,52.50000000000004
24.783194014907806,35.56567447895535,0.032742316592121824,0.904670428640511,-0.08000000000000002,52.600000000000044
24.874992871412694,35.567952212276154,0.024807128913530506,0.9182710996587896,-0.07935187678591316,52.700000000000045
24.96854951842546,35.56959885826436,0.017598706671969975,0.9357113680661011,-0.0720842224156053,52.80000000000005
25.06401243887809,35.57065364547734,0.01104873270968186,0.9546874754290257,-0.06549973962288114,52.90000000000005
25.16143896598819,35.57115007027592,0.005095332012407158,0.9742779183741955,-0.05953400697274702,53.00000000000005
25.260850370533404,35.57111850915329,-0.00031747988793577077,0.9941140955522635,-0.05412811900342929,53.10000000000005
25.362253834829772,35.57058711537252,-0.00524034282466909,1.0140485664234906,-0.04922862936733319,53.20000000000005
25.465651186649392,35.569582158471974,-0.009719061850859793,1.0340223547719816,-0.04478719026190703,53.300000000000054
25.571042344683306,35.56812818748613,-0.01379507332121243,1.0540118701113779,-0.04076011470352636,53.400000000000055
25.678426655955978,35.56624813991444,-0.017505867432989312,1.0740076762471364,-0.03710794111776883,53.600000000000044
25.7854108607893,35.56437509726862,-0.017505867432989312,1.0700059987014399,0.0,53.700000000000045
25.89103520691542,35.56252586256113,-0.017505867432989312,1.0564053276831613,0.0,53.80000000000005
25.9949157934272,35.560707156996955,-0.017505867432989312,1.03896505927585,0.0,53.90000000000005
26.096899059961785,35.55892166905809,-0.017505867432989312,1.0199889519129253,0.0,54.00000000000005
26.196923582374033,35.55717047413732,-0.017505867432989312,1.0003985089677554,0.0,54.10000000000005
26.29496479100589,35.555454002391784,-0.017505867432989312,0.9805623317896874,0.0,54.20000000000005
26.391012857994127,35.55377242588432,-0.017505867432989312,0.9606278609184603,0.0,54.300000000000054
26.485063852193463,35.552125813440064,-0.017505867432989312,0.9406540725699695,0.0,54.400000000000055
26.577116201145774,35.55051419258908,-0.017505867432989312,0.9206645572305732,0.0,54.50000000000006
26.66716927586782,35.54893757434338,-0.017505867432989312,0.9006687510948146,0.0,54.700000000000045
26.75760689369262,35.54663038411684,-0.025505867432989313,0.9046704286405112,-0.08000000000000002,54.80000000000005
26.849382988403995,35.543569899806336,-0.0333349399335081,0.9182710996587898,-0.07829072500518786,54.90000000000005
26.942877507291243,35.539784060226594,-0.040470527072807704,0.9357113680661013,-0.07135587139299604,55.00000000000005
27.038240933482157,35.53530090257369,-0.04697670291357333,0.9546874754290259,-0.06506175840765627,55.10000000000005
27.135532375833,35.53014824620943,-0.05291161089810389,0.9742779183741958,-0.059349079845305575,55.20000000000005
27.234774727144735,35.52435307098558,-0.05832793803219508,0.9941140955522637,-0.05416327134091192,55.300000000000054
27.335976663114113,35.51794112068126,-0.06327340637723639,1.0140485664234908,-0.04945468345041304,55.400000000000055
27.43914138921689,35.51093672278986,-0.06779123971219797,1.0340223547719818,-0.04517833334961585,55.50000000000006
27.54427009611207,35.50336274035626,-0.0719205929796756,1.054011870111378,-0.04129353267477631,55.60000000000006
27.651363305981516,35.495240592473095,-0.07569694276346824,1.0740076762471367,-0.03776349783792643,55.70000000000006
27.760421381403074,35.48659030708513,-0.07915244067527392,1.09400599870144,-0.03455497911805683,55.80000000000006
27.871444704343375,35.477430587419214,-0.08231623260974676,1.1140053276831614,-0.03163791934472826,55.90000000000006
27.984433727463742,35.4677788829616,-0.0852147469967039,1.13400505927585,-0.028985143869571406,56.000000000000064
28.099388977925774,35.457651460702834,-0.08787195503642406,1.1540049519129254,-0.026572080397201603,56.100000000000065
28.216311045194757,35.44706347466437,-0.09030960566720031,1.1740049089677556,-0.024376506307762558,56.20000000000007
28.335200564954967,35.43602903279521,-0.09254743776193773,1.1940048917896877,-0.02237832094737424,56.30000000000007
28.456058203572457,35.42456126082926,-0.09460337180953976,1.2140048849184606,-0.02055934047602026,56.40000000000007
28.578884644532938,35.41267236293352,-0.09649368311531194,1.2340048821699696,-0.018903113057721743,56.50000000000007
28.70368057713236,35.40037367909627,-0.09823315835410389,1.2540048810705733,-0.017394752387919432,56.60000000000007
28.83044668728323,35.387675739266186,-0.09983523712960518,1.2740048806308149,-0.016020787755012922,56.700000000000074
28.959183650172143,35.374588314288374,-0.10131214003160612,1.2940048804549114,-0.014769029020009317,56.800000000000075
29.08989212448558,35.36112046370271,-0.10267498453855169,1.3140048803845499,-0.013628445069455708,56.90000000000008
29.22257274794114,35.347280580480984,-0.10393388998387856,1.3340048803564053,-0.012589054453268744,57.00000000000008
29.357226133892574,35.33307643278395,-0.10509807269015213,1.3540048803451474,-0.011641827062735643,57.10000000000008
29.493852868809004,35.318515202819604,-0.10617593227385838,1.3740048803406444,-0.010778595837062532,57.20000000000008
29.63245351045778,35.30360352287962,-0.10717513003505053,1.3940048803388432,-0.009991977611921499,57.30000000000008
29.773028586645548,35.28834750862284,-0.1081026602693802,1.4140048803381227,-0.009275302343296765,57.400000000000084
29.915578594393256,35.27275278966237,-0.10896491527518881,1.4340048803378345,-0.008622550058086098,57.500000000000085
30.060103999438084,35.25682453749561,-0.10976774477554652,1.4540048803377192,-0.008028295003577046,57.60000000000009
30.206605235969167,35.240567490794064,-0.11051651043524106,1.474004880337673,-0.007487656596945502,57.70000000000009
30.354543837612695,35.22404615728159,-0.11121613612737118,1.4885826922705063,-0.006996256921301125,57.80000000000009
30.502892791773974,35.20738062081323,-0.1118710588825829,1.4928212319806757,-0.006549227552117287,57.90000000000009
30.651041242252745,35.190645470831235,-0.11248519632256627,1.4909067249221344,-0.0061413743998337544,58.00000000000009
30.798907104769352,35.17385584859055,-0.11306206961841223,1.488160095983138,-0.005768732958459477,58.100000000000094
30.946665168336793,35.15699721526748,-0.11360493057000154,1.4871670675052389,-0.005428609515893079,58.200000000000095
31.09448445871502,35.14005493765058,-0.1141168326936203,1.4878704035893298,-0.005119021236187571,58.3000000000001
31.24242685371862,35.12302602813904,-0.11460065593024799,1.489192264234315,-0.0048382323662767845,58.4000000000001
31.39047100966891,35.10591663027086,-0.11505911562040547,1.490295393754068,-0.004584596901574756,58.5000000000001
31.538572032905833,35.08873527333415,-0.11549477682386083,1.4909430609520222,-0.004356612034553731,58.6000000000001
31.686699613474566,35.07148848669725,-0.11591007967754928,1.4912823935943709,-0.004153028536884484,58.7000000000001
31.834844622024164,35.05418001320373,-0.11630737304908628,1.4915269629757293,-0.003972933715369997,58.800000000000104
31.9830090858212,35.036811955752206,-0.11668895313465197,1.4917894540417753,-0.0038158008556568035,58.900000000000105
32.13119547540233,35.0193860207261,-0.11705710687691823,1.4920747055232726,-0.0036815374226626396,59.00000000000011
32.27819522714045,35.00204641270173,-0.1174141637367714,1.4801888061158714,-0.003570568598531665,59.10000000000011
32.42352510105764,34.984852473800586,-0.11776232382431383,1.463434446352911,-0.0034816008754243732,59.20000000000011
32.56699194808995,34.96782926558863,-0.11810383628791801,1.4447327024477268,-0.0034151246360418774,59.30000000000011
32.70851862344739,34.95098786016699,-0.11844113150513534,1.4252520048856532,-0.0033729521721732603,59.40000000000011
32.84807435208364,34.93433346089913,-0.11877696289362381,1.4054597258608237,-0.0033583138848847227,59.500000000000114
32.98564687110924,34.91786862229758,-0.11911459986616318,1.3855428142508919,-0.0033763697253936797,59.600000000000115
33.12123127906763,34.90159447742995,-0.1194581247336478,1.3655760496069191,-0.0034352486748461253,59.70000000000012
33.254831260247656,34.88555852255302,-0.1194581247336478,1.34558934374933,0.0,59.80000000000012
33.38644602268532,34.86976085272592,-0.1194581247336478,1.3255946614062943,0.0,59.90000000000012
33.516075249595026,34.854201505972306,-0.1194581247336478,1.30559678846908,0.0,60.00000000000012
33.64371881426254,34.83888049750165,-0.1194581247336478,1.2855976392941943,0.0,60.10000000000012
33.76937666600217,34.82379783339772,-0.1194581247336478,1.26559797962424,0.0,60.200000000000124
33.89304878453962,34.80895351609404,-0.1194581247336478,1.2455981157562583,0.0,60.300000000000125
34.0147351617652,34.79434754656402,-0.1194581247336478,1.2255981702090657,0.0,60.40000000000013
34.13443579443502,34.77997992519701,-0.1194581247336478,1.2055981919901886,0.0,60.50000000000013
34.25215068125152,34.76585065214877,-0.1194581247336478,1.1855982007026378,0.0,60.60000000000013
34.36787982169568,34.751959727481584,-0.1194581247336478,1.1655982041876174,0.0,60.70000000000013
34.48162321555989,34.738307151220376,-0.1194581247336478,1.1455982055816092,0.0,60.80000000000013
34.593380862761116,34.724892923375116,-0.1194581247336478,1.125598206139206,0.0,60.900000000000134
34.70315276326613,34.71171704394979,-0.1194581247336478,1.1055982063622447,0.0,61.000000000000135
34.810938917061655,34.69877951294599,-0.1194581247336478,1.0855982064514602,0.0,61.100000000000136
34.91673932414237,34.68608033036436,-0.1194581247336478,1.0655982064871463,0.0,61.20000000000014
35.02055398450615,34.673619496205156,-0.1194581247336478,1.0455982065014209,0.0,61.30000000000014
35.122382898152146,34.66139701046847,-0.1194581247336478,1.0255982065071307,0.0,61.40000000000014
35.222226065080015,34.64941287315435,-0.1194581247336478,1.0055982065094147,0.0,61.50000000000014
35.32008348528962,34.63766708426281,-0.1194581247336478,0.9855982065103283,0.0,61.60000000000014
35.415860032361934,34.62539304682308,-0.1274581247336478,0.9655982065106937,-0.08000000000000002,61.700000000000145
35.509448489039954,34.61187415418384,-0.1434581247336478,0.9455982065108399,-0.16000000000000003,61.800000000000146
35.60071354801373,34.59644660060346,-0.1674581247336478,0.9255982065108984,-0.24000000000000005,61.90000000000015
35.689477937624844,34.57850323822835,-0.1994581247336478,0.9055982065109218,-0.32000000000000006,62.00000000000015
35.77551084880269,34.55749895228431,-0.2394581247336478,0.8855982065109311,-0.4000000000000001,62.10000000000015
35.85851891520768,34.532957895606714,-0.28745812473364785,0.8655982065109349,-0.4800000000000001,62.20000000000015
35.93814008640738,34.50448277725168,-0.34345812473364784,0.8455982065109364,-0.56,62.30000000000015
36.01587806602539,34.476681149406346,-0.34345812473364784,0.8255982065109371,0.0,62.400000000000155
36.0917328540617,34.4495530120707,-0.34345812473364784,0.8055982065109373,0.0,62.500000000000156
36.16774374066465,34.42168120413344,-0.35145812473364785,0.8095982065109374,-0.08000000000000002,62.60000000000016
36.24456817936061,34.39210826902247,-0.36745812473364786,0.8231982065109374,-0.16000000000000003,62.70000000000016
36.32227288425006,34.360034841071865,-0.3914581247336479,0.8406382065109375,-0.24000000000000005,62.80000000000016
36.40064162462386,34.32471195369585,-0.4234581247336479,0.8596142065109375,-0.32000000000000006,62.90000000000016
36.47928752423826,34.28540762982502,-0.4634581247336479,0.8792046065109375,-0.4000000000000001,63.00000000000016
36.557686734143516,34.24140414263688,-0.5114581247336479,0.8990407665109375,-0.4800000000000001,63.100000000000165
36.63421776173491,34.19262416899962,-0.567458124733648,0.907550770604375,-0.56,63.200000000000166
36.70738139549355,34.13911591738709,-0.631458124733648,0.9064243098791249,-0.6400000000000001,63.30000000000017
36.776305334643645,34.080912137153575,-0.7012712948134212,0.9021191396615499,-0.6981317007977318,63.40000000000017
36.84078660391046,34.018250872087314,-0.7710844648931944,0.8991255877775899,-0.6981317007977318,63.50000000000017
36.900694911017425,33.95129439864489,-0.8408976349729675,0.898452814357452,-0.6981317007977318,63.60000000000017
36.955827058257675,33.88026996256422,-0.9107108050527407,0.8991120163749255,-0.6981317007977318,63.70000000000017
37.00591482271169,33.805506544315925,-0.9805239751325139,0.8999084873569596,-0.6981317007977318,63.800000000000175
37.05068391662153,33.7273988959985,-1.0503371452122872,0.9002819833355974,-0.6981317007977318,63.900000000000176
37.08989457913171,33.6463603614361,-1.1201503152920604,0.900262191725694,-0.6981317007977318,64.00000000000017
37.12335062247167,33.562799374493146,-1.1899634853718337,0.9000969600463162,-0.6981317007977318,64.10000000000016
37.150892445790475,33.47711999295957,-1.259776655451607,0.8999726913467753,-0.6981317007977318,64.20000000000016
37.1723896910995,33.38973133738035,-1.3295898255313803,0.8999393690588937,-0.6981317007977318,64.30000000000015
37.18773903886524,33.301053712953205,-1.3994029956111536,0.8999624187084048,-0.6981317007977318,64.40000000000015
37.19686548016285,33.21151822590055,-1.4692161656909268,0.8999941873431663,-0.6981317007977318,64.50000000000014
37.199724061494535,33.121562595743846,-1.5390293357707001,0.900010382391171,-0.6981317007977318,64.60000000000014
37.196300690967064,33.031626663586984,-1.6088425058504734,0.9000106309756702,-0.6981317007977318,64.70000000000013
37.18661211370327,32.94214923736324,-1.6786556759302467,0.9000043518240678,-0.6981317007977318,64.80000000000013
37.17070559813284,32.853566118849294,-1.74846884601002,0.8999992290689861,-0.6981317007977318,64.90000000000012
37.148910539419575,32.7662452566158,-1.815396020591008,0.8999976425255617,-0.6692717458098798,65.00000000000011
37.1218895454328,32.68039749900348,-1.875734071703932,0.8999984223928549,-0.603380511129239,65.10000000000011
37.09024075947362,32.596145801076474,-1.9301329483232026,0.8999996809040591,-0.5439887661927072,65.2000000000001
37.0544995138943,32.51354695042933,-1.979178195713843,0.9000003757661054,-0.49045247390640334,65.3000000000001
37.01514193733847,32.432608771081284,-2.0233974102147605,0.9000004282512606,-0.4421921450091735,65.40000000000009
36.9725896087515,32.35330364644782,-2.0632660288390547,0.9000001922945663,-0.39868618624294205,65.50000000000009
36.92721465219067,32.275579049293924,-2.0992125266795156,0.8999999825351487,-0.359464978404608,65.60000000000008
36.879344872715045,32.199365647736585,-2.13162308608309,0.8999999091102924,-0.32410559403574,65.70000000000007
36.829268684992826,32.124583469109965,-2.1608457938684684,0.8999999342741744,-0.2922270778537852,65.80000000000007
36.77654597911974,32.050167373605184,-2.1871944162525034,0.9119999443397272,-0.2634862238403479,65.90000000000006
36.721066844674,31.975677380438334,-2.21095237809256,0.9287999483659484,-0.2375796184005683,66.00000000000006
36.6628546822287,31.900915861596918,-2.232375281325784,0.9475199499764368,-0.21422903233223956,66.10000000000005
36.601982461641924,31.825778543794975,-2.251693494107002,0.9670079506206323,-0.19318212781217525,66.20000000000005
36.538537875415706,31.750196872310298,-2.2691145974765576,0.9868031508783104,-0.17421103369555802,66.30000000000004
36.472609298578284,31.674116000040858,-2.284825629276477,1.0067212309813816,-0.1571103179991935,66.40000000000003
36.40428047708406,31.59748660519627,-2.2989951187621562,1.02668846302261,-0.14169489485679598,66.50000000000003
36.333628817579566,31.520262023523916,-2.3117749232594713,1.0466753558391015,-0.1277980449731495,66.60000000000002
36.26072512536277,31.442397378401107,-2.323301883293121,1.0666701129656981,-0.11526960033649969,66.70000000000002
36.185633895652735,31.363849424980174,-2.333699313189189,1.0866680158163367,-0.10397429896067889,66.80000000000001
36.10841379096543,31.28457661856074,-2.343078343235687,1.1066671769565921,-0.09379030046498427,66.9
36.029118157026176,31.2045392263396,-2.3515391281422082,1.1266668414126944,-0.08460784906521068,67.0
35.947795520399325,31.123699420884897,-2.3591719351490865,1.1466667071951353,-0.07632807006878428,67.1
35.864490048162615,31.042021338760637,-2.3660581238221283,1.1666666535081116,-0.06886188673041982,67.19999999999999
35.779241964913844,30.95947110400493,-2.3722710283658253,1.1866666320333021,-0.06212904543696851,67.29999999999998
35.69208792821448,30.87601682138068,-2.3778767521997377,1.2066666234433783,-0.05605723833912535,67.39999999999998
35.60306136564529,30.79162854539688,-2.3829348835628177,1.2266666200074088,-0.05058131363080065,67.50000000000003
35.51432510719527,30.70751544867891,-2.3829348835628177,1.222666618633021,0.0,67.60000000000002
35.426575882451175,30.62433796118113,-2.3829348835628177,1.2090666180832659,0.0,67.70000000000002
35.340092383247715,30.542360254885274,-2.3829348835628177,1.1916266178633639,0.0,67.80000000000001
35.254986086318766,30.46168799858404,-2.3829348835628177,1.172650617775403,0.0,67.9
35.171938849789036,30.38169652927558,-2.3749348835628177,1.1530602177402187,0.08000000000000002,68.0
35.09158851878866,30.301785378875756,-2.3589348835628177,1.133224057726145,0.16000000000000003,68.1
35.014558307160144,30.221408244743408,-2.3349348835628176,1.1132895937205154,0.24000000000000005,68.19999999999999
34.9414743320641,30.14009325752104,-2.3029348835628176,1.0933158081182637,0.32000000000000006,68.29999999999998
34.87297624952338,30.057459692793802,-2.2629348835628176,1.073326293877363,0.4000000000000001,68.39999999999998
34.80972271760556,29.97323355746018,-2.2149348835628175,1.0533304881810026,0.4800000000000001,68.49999999999997
34.75239207357124,29.887262917672537,-2.1589348835628175,1.0333321659024586,0.56,68.60000000000002
34.700280943185774,29.800355700048268,-2.1109348835628174,1.013332836991041,0.48000000000000004,68.70000000000002
34.65264593930047,29.713189118216647,-2.0709348835628174,0.993333105426474,0.4,68.80000000000001
34.60872662400417,29.626327911827875,-2.0389348835628174,0.9733332128006472,0.32,68.9
34.56696445605792,29.538563912849074,-2.0149348835628174,0.9719361186992836,0.24,69.0
34.526136785628935,29.449102132761894,-1.9989348835628173,0.9833772810587382,0.15999999999999998,69.1
34.48534997588945,29.357803112544154,-1.9909348835628173,0.9999537460025201,0.07999999999999996,69.19999999999999
34.443803248835145,29.26480305940101,-1.9909348835628173,1.0185843319800327,-5.551115123125783e-17,69.29999999999998
34.400706244621865,29.170368704640286,-1.9989348835628173,1.0380365663710378,-0.08000000000000007,69.39999999999998
34.35525392571284,29.074849782455743,-2.0149348835628174,1.05781746012744,-0.1600000000000001,69.49999999999997
34.30770690739581,28.980813904543183,-2.0389348835628174,1.0537298176300007,-0.2400000000000001,69.59999999999997
34.257829461760416,28.889543912060386,-2.0709348835628174,1.0400947606310251,-0.3200000000000001,69.70000000000002
34.20878901877734,28.799805538224287,-2.0709348835628174,1.0226407378314348,0.0,69.80000000000001
34.16065883340999,28.711732831197843,-2.0709348835628174,1.0036591287115988,0.0,69.9
34.11346820764374,28.625379410246236,-2.0709348835628174,0.9840664850636643,0.0,70.0
34.067228862272735,28.540766723075542,-2.0709348835628174,0.9642294276044906,0.0,70.1
34.02194548561464,28.457903348768188,-2.0709348835628174,0.944294604620821,0.0,70.19999999999999
33.97827024952306,28.376440714004946,-2.0629348835628174,0.9243206754273532,0.08000000000000002,70.29999999999998
33.93682017362624,28.29606634831386,-2.0469348835628174,0.9043311037499661,0.16000000000000003,70.39999999999998
33.89818443252688,28.216519077479507,-2.0229348835628174,0.8843352750790112,0.24000000000000005,70.49999999999997
33.86292925536415,28.13760231117395,-1.9909348835628173,0.8643369436106293,0.32000000000000006,70.59999999999997
33.83160018103647,28.059196003292147,-1.9509348835628173,0.8443376110232765,0.4000000000000001,70.69999999999996
33.80472137083062,27.981267453114558,-1.9029348835628173,0.8243378779883355,0.4800000000000001,70.80000000000001
33.78086516823487,27.90194330945129,-1.8629348835628172,0.828337984774359,0.4000000000000001,70.9
33.75920930562668,27.82058226203908,-1.8309348835628172,0.8419380274887684,0.32000000000000006,71.0
33.73910414792587,27.737029351444697,-1.8069348835628172,0.8593780445745323,0.24000000000000005,71.1
33.719923983895626,27.65131366032553,-1.7909348835628172,0.8783540514088378,0.16000000000000003,71.19999999999999
33.701017673960784,27.563532148195122,-1.7829348835628172,0.8979444541425601,0.08000000000000002,71.29999999999998
33.681693711678044,27.473811486925122,-1.7829348835628172,0.9177806152360489,0.0,71.39999999999998
33.66121731151467,27.382302947745334,-1.7909348835628172,0.9377150796734445,-0.08000000000000002,71.49999999999997
33.63881217120452,27.28919178129511,-1.8069348835628172,0.9576888654484027,-0.16000000000000003,71.59999999999997
33.61366487060071,27.194713405913166,-1.8309348835628172,0.977678379758386,-0.24000000000000005,71.69999999999996
33.58562297338233,27.10147142934069,-1.8629348835628172,0.9736741854823793,-0.32000000000000006,71.79999999999995
33.55431832584723,27.010711243992166,-1.9029348835628173,0.9600725077719766,-0.4000000000000001,71.9
33.52358235834061,26.921599807594774,-1.9029348835628173,0.9426318366878156,0.0,72.0
33.49346514138673,26.834282287413416,-1.9029348835628173,0.9236555682541512,0.0,72.1
33.463986703195275,26.748816750354056,-1.9029348835628173,0.9040650608806854,0.0,72.19999999999999
33.43515505505014,26.665226423179078,-1.9029348835628173,0.8842288579312991,0.0,72.29999999999998
33.40697340146487,26.583520596593434,-1.9029348835628173,0.8642943767515446,0.0,72.39999999999998
33.38008243927889,26.503485300360488,-1.8949348835628173,0.8443205842796428,0.08000000000000002,72.49999999999997
33.355081682019375,26.424934812001343,-1.8789348835628172,0.8243310672908821,0.16000000000000003,72.59999999999997
33.33253369913556,26.34772638901115,-1.8549348835628172,0.8043352604953778,0.24000000000000005,72.69999999999996
33.312966416818455,26.271772680857175,-1.8229348835628172,0.7843369377771762,0.32000000000000006,72.79999999999995
33.29687321232448,26.197052345139962,-1.7829348835628172,0.7643376086898955,0.4000000000000001,72.89999999999995
33.28471054333895,26.123618985994845,-1.734934883562817,0.7443378770549832,0.4800000000000001,73.0
33.275444625015375,26.0493610561382,-1.694934883562817,0.7483379844010183,0.4000000000000001,73.1
33.26843416705979,25.97349044882343,-1.662934883562817,0.7619380273394323,0.32000000000000006,73.19999999999999
33.26312770596732,25.895733501652188,-1.638934883562817,0.7793780445147979,0.24000000000000005,73.29999999999998
33.25896708881956,25.816006585378087,-1.622934883562817,0.7983540513849441,0.16000000000000003,73.39999999999998
33.2553579722013,25.73429180349803,-1.614934883562817,0.8179444541330025,0.08000000000000002,73.49999999999997
33.25166133005695,25.650595337446916,-1.614934883562817,0.8377806152322259,0.0,73.59999999999997
33.24719135328137,25.564940384953836,-1.622934883562817,0.8577150796719153,-0.08000000000000002,73.69999999999996
33.24121553468016,25.47737516904389,-1.638934883562817,0.877688865447791,-0.16000000000000003,73.79999999999995
33.23295615358468,25.38798810421473,-1.662934883562817,0.8976783797581414,-0.24000000000000005,73.89999999999995
33.22172485118954,25.297979403907643,-1.694934883562817,0.9070671576273966,-0.32000000000000006,73.99999999999994
33.20691106612581,25.208539660034116,-1.734934883562817,0.9065823741986607,-0.4000000000000001,74.1
33.19229653268765,25.12030291824821,-1.734934883562817,0.8943884608271664,0.0,74.19999999999999
33.1779577829318,25.033731248677416,-1.734934883562817,0.8775108954785686,0.0,74.29999999999998
33.16392542968095,24.949009479372727,-1.734934883562817,0.8587598693391295,0.0,74.39999999999998
33.150211718064185,24.86621154155454,-1.734934883562817,0.8392594588833538,0.0,74.49999999999997
33.136821546133135,24.78536700771102,-1.734934883562817,0.8194592947010436,0.0,74.59999999999997
33.123756873108455,24.706487706837425,-1.734934883562817,0.7995392290281195,0.0,74.69999999999996
33.11163415843226,24.629478925581065,-1.726934883562817,0.7795712027589499,0.08000000000000002,74.79999999999995
33.10102426534472,24.55426517297215,-1.710934883562817,0.759583992251282,0.16000000000000003,74.89999999999995
33.09245408055445,24.480804486750905,-1.686934883562817,0.7395891080482149,0.24000000000000005,74.99999999999994
33.086406685550095,24.40909993105119,-1.654934883562817,0.7195911543669881,0.32000000000000006,75.09999999999994
33.08331979009819,24.33920887037922,-1.614934883562817,0.6995919728944973,0.4000000000000001,75.19999999999999
33.08246575156366,24.268854823809935,-1.582934883562817,0.7035923003055009,0.32000000000000006,75.29999999999998
33.08331642534691,24.197140625851493,-1.558934883562817,0.7171924312699024,0.24000000000000005,75.39999999999998
33.08536295267402,24.123705888932783,-1.542934883562817,0.734632483655663,0.16000000000000003,75.49999999999997
33.088064922306266,24.048393491929957,-1.534934883562817,0.7536085046099673,0.08000000000000002,75.59999999999997
33.09083713091301,23.97112331365945,-1.534934883562817,0.773198912991689,0.0,75.69999999999996
33.0930463552411,23.891850584105125,-1.542934883562817,0.7930350763443776,-0.08000000000000002,75.79999999999995
33.09401063183624,23.810559348859677,-1.558934883562817,0.8129695416854531,-0.16000000000000003,75.89999999999995
33.092999583678484,23.727271152485564,-1.582934883562817,0.8329433278218833,-0.24000000000000005,75.99999999999994
33.089236083504645,23.64206093947809,-1.614934883562817,0.8529328422764554,-0.32000000000000006,76.09999999999994
33.08190005065685,23.555076878478015,-1.654934883562817,0.8729286480582842,-0.4000000000000001,76.19999999999993
33.07013534886625,23.466562599765833,-1.702934883562817,0.8929269703710158,-0.4800000000000001,76.29999999999998
33.05842335765975,23.37844490053474,-1.702934883562817,0.8889262992961083,0.0,76.39999999999998
33.04689055591404,23.291675371971923,-1.702934883562817,0.8753260308661454,0.0,76.49999999999997
33.03558753517981,23.206634650552267,-1.702934883562817,0.8578859234941602,0.0,76.59999999999997
33.024534532077325,23.123474990865716,-1.702934883562817,0.8389098805453661,0.0,76.69999999999996
33.0137396412547,23.042257294748254,-1.702934883562817,0.8193194633658485,0.0,76.79999999999995
33.003206100571184,22.96300592293427,-1.702934883562817,0.7994832964940415,0.0,76.89999999999995
32.99355372966896,22.885650926227274,-1.694934883562817,0.7795488297453187,0.08000000000000002,76.99999999999994
32.985355794307196,22.810137110829128,-1.678934883562817,0.7595750430458296,0.16000000000000003,77.09999999999994
32.97914036794684,22.736440190860627,-1.654934883562817,0.739585528366034,0.24000000000000005,77.19999999999993
32.975390230606685,22.664579004138435,-1.622934883562817,0.7195897224941157,0.32000000000000006,77.29999999999993
32.97454104846827,22.59462501810998,-1.582934883562817,0.6995914001453484,0.4000000000000001,77.39999999999998
32.97593839199216,22.52427968807512,-1.550934883562817,0.7035920712058414,0.32000000000000006,77.49999999999997
32.97908309256536,22.452629430723558,-1.526934883562817,0.7171923396300387,0.24000000000000005,77.59999999999997
32.98347808249095,22.379297770539146,-1.510934883562817,0.7346324469997176,0.16000000000000003,77.69999999999996
32.98858825415241,22.304110379928744,-1.502934883562817,0.7536084899475892,0.08000000000000002,77.79999999999995
32.993831267197756,22.226968456735023,-1.502934883562817,0.7731989071267379,0.0,77.89999999999995
32.998575654918575,22.14780699470285,-1.510934883562817,0.7930350739983973,-0.08000000000000002,77.99999999999994
33.00214031343417,22.066588228697128,-1.526934883562817,0.8129695407470612,-0.16000000000000003,78.09999999999994
33.00379455033081,21.983310324258635,-1.550934883562817,0.8329433274465267,-0.24000000000000005,78.19999999999993
33.002759238383504,21.89802332371958,-1.582934883562817,0.8529328421263128,-0.32000000000000006,78.29999999999993
32.9982099761917,21.810849081775814,-1.622934883562817,0.8729286479982273,-0.4000000000000001,78.39999999999992
32.98928327095223,21.722003712299976,-1.670934883562817,0.8929269703469931,-0.4800000000000001,78.49999999999997
32.980396560933535,21.63355640572326,-1.670934883562817,0.8889262992864994,0.0,78.59999999999997
32.97164581453945,21.546462312693954,-1.670934883562817,0.8753260308623019,0.0,78.69999999999996
32.96306941913151,21.461103493471366,-1.670934883562817,0.8578859234926229,0.0,78.79999999999995
32.95468272965432,21.377632772159224,-1.670934883562817,0.8389098805447514,0.0,78.89999999999995
32.94649188808574,21.296111278399017,-1.670934883562817,0.8193194633656027,0.0,78.99999999999994
32.9384993512169,21.216563464047344,-1.670934883562817,0.7994832964939432,0.0,79.09999999999994
32.931326859361704,21.138939246562337,-1.662934883562817,0.7795488297452795,0.08000000000000002,79.19999999999993
32.925549150692426,21.06320180177633,-1.646934883562817,0.759575043045814,0.16000000000000003,79.29999999999993
32.92169480533497,20.98934375171034,-1.622934883562817,0.7395855283660279,0.24000000000000005,79.39999999999992
32.92024575343861,20.917399370861013,-1.590934883562817,0.7195897224941133,0.32000000000000006,79.49999999999991
32.92163515157478,20.847454029026174,-1.550934883562817,0.6995914001453476,0.4000000000000001,79.59999999999997
32.92528244612132,20.777189420088757,-1.518934883562817,0.7035920712058413,0.32000000000000006,79.69999999999996
32.93071795369456,20.705676457783582,-1.494934883562817,0.7171923396300388,0.24000000000000005,79.79999999999995
32.937456906235084,20.63252295588173,-1.4789348835628169,0.7346324469997177,0.16000000000000003,79.89999999999995
32.944970047609075,20.55753755551669,-1.4709348835628169,0.7536084899475893,0.08000000000000002,79.99999999999994
32.95267849672681,20.48060287340245,-1.4709348835628169,0.773198907126738,0.0,80.09999999999994
32.95995319000843,20.40163373307805,-1.4789348835628169,0.7930350739983975,-0.08000000000000002,80.19999999999993
32.96611458054674,20.320570597137852,-1.494934883562817,0.8129695407470612,-0.16000000000000003,80.29999999999993
32.97043240870328,20.237388253894906,-1.518934883562817,0.8329433274465267,-0.24000000000000005,80.39999999999992
32.972126345050825,20.15211179224559,-1.550934883562817,0.8529328421263128,-0.32000000000000006,80.49999999999991
32.970368511561496,20.06483662815876,-1.590934883562817,0.8729286479982273,-0.4000000000000001,80.59999999999991
32.964288943039,19.975751137812065,-1.638934883562817,0.8929269703469931,-0.4800000000000001,80.69999999999996
32.95823661342255,19.88706478620233,-1.638934883562817,0.8889262992864994,0.0,80.79999999999995
32.95227688237972,19.799735305447268,-1.638934883562817,0.8753260308623019,0.0,80.89999999999995
32.94643589377756,19.714145788393967,-1.638934883562817,0.8578859234926229,0.0,80.99999999999994
32.94072410516288,19.63044947218126,-1.638934883562817,0.8389098805447514,0.0,81.09999999999994
32.9351456995544,19.548707651664685,-1.638934883562817,0.8193194633656027,0.0,81.19999999999993
32.92970235015961,19.46894484478645,-1.638934883562817,0.7994832964939432,0.0,81.29999999999993
32.92501708135638,19.391130886939454,-1.630934883562817,0.7795488297452795,0.08000000000000002,81.39999999999992
32.921665515248414,19.31524736129123,-1.614934883562817,0.759575043045814,0.16000000000000003,81.49999999999991
32.920176197406725,19.24130380531743,-1.590934883562817,0.7395855283660279,0.24000000000000005,81.59999999999991
32.92102971465667,19.16934989510057,-1.558934883562817,0.7195897224941133,0.32000000000000006,81.6999999999999
32.92465627044515,19.099484815377675,-1.518934883562817,0.6995914001453476,0.4000000000000001,81.79999999999995
32.93054978150342,19.02937287235765,-1.486934883562817,0.7035920712058413,0.32000000000000006,81.89999999999995
32.93827053059189,18.95807042812358,-1.4629348835628169,0.7171923396300388,0.24000000000000005,81.99999999999994
32.94734654564879,18.885169987298198,-1.4469348835628169,0.7346324469997177,0.16000000000000003,82.09999999999994
32.95725496393502,18.810463355676394,-1.4389348835628168,0.7536084899475893,0.08000000000000002,82.19999999999993
32.967420956346814,18.733814689033697,-1.4389348835628168,0.773198907126738,0.0,82.29999999999993
32.97721850653896,18.655118727916566,-1.4469348835628169,0.7930350739983975,-0.08000000000000002,82.39999999999992
32.98597032037445,18.57429422360993,-1.4629348835628169,0.8129695407470612,-0.16000000000000003,82.49999999999991
32.99294731871215,18.491292613013673,-1.486934883562817,0.8329433274465267,-0.24000000000000005,82.59999999999991
32.99736876891173,18.406114005899507,-1.518934883562817,0.8529328421263128,-0.32000000000000006,82.6999999999999
32.99840416399277,18.318827281811668,-1.558934883562817,0.8729286479982273,-0.4000000000000001,82.7999999999999
32.99517795713419,18.22959288635209,-1.606934883562817,0.8929269703469931,-0.4800000000000001,82.89999999999995
32.991966204976656,18.140758296784117,-1.606934883562817,0.8889262992864994,0.0,82.99999999999994
32.98880359152893,18.05328284606089,-1.606934883562817,0.8753260308623019,0.0,83.09999999999994
32.9857039903945,17.967550267363666,-1.606934883562817,0.8578859234926229,0.0,83.19999999999993
32.98267295101477,17.883714053964955,-1.606934883562817,0.8389098805447514,0.0,83.29999999999993
32.979712693166306,17.80183560317375,-1.606934883562817,0.8193194633656027,0.0,83.39999999999992
32.97682410475972,17.721939473913658,-1.606934883562817,0.7994832964939432,0.0,83.49999999999991
32.97463085631433,17.644015450398253,-1.598934883562817,0.7795488297452795,0.08000000000000002,83.59999999999991
32.97370886447851,17.568063541987502,-1.582934883562817,0.759575043045814,0.16000000000000003,83.6999999999999
32.97458609908392,17.494110191846136,-1.558934883562817,0.7395855283660279,0.24000000000000005,83.7999999999999
32.977741311553096,17.422220426778598,-1.526934883562817,0.7195897224941133,0.32000000000000006,83.89999999999989
32.98360131171763,17.35250714490459,-1.486934883562817,0.6995914001453476,0.4000000000000001,83.99999999999994
32.99173500484728,17.282619656305343,-1.4549348835628169,0.7035920712058413,0.32000000000000006,84.09999999999994
33.001733090078545,17.21160073761498,-1.4309348835628168,0.7171923396300388,0.24000000000000005,84.19999999999993
33.01313687460545,17.139028001547555,-1.4149348835628168,0.7346324469997177,0.16000000000000003,84.29999999999993
33.025430424449375,17.064676631732024,-1.4069348835628168,0.7536084899475893,0.08000000000000002,84.39999999999992
33.038043551067275,16.988392462098076,-1.4069348835628168,0.773198907126738,0.0,84.49999999999991
33.05035392633465,16.910050257976078,-1.4149348835628168,0.7930350739983975,-0.08000000000000002,84.59999999999991
33.061687202374664,16.829547142533098,-1.4309348835628168,0.8129695407470612,-0.16000000000000003,84.6999999999999
33.07131622705686,16.746811250980237,-1.4549348835628169,0.8329433274465267,-0.24000000000000005,84.7999999999999
33.07846066392981,16.66181771385214,-1.486934883562817,0.8529328421263128,-0.32000000000000006,84.89999999999989
33.08228822742713,16.574608803741796,-1.526934883562817,0.8729286479982273,-0.4000000000000001,84.99999999999989
33.08191868558639,16.48531687139313,-1.574934883562817,0.8929269703469931,-0.4800000000000001,85.09999999999994
33.08155079944135,16.396425002724417,-1.574934883562817,0.8889262992864994,0.0,85.19999999999993
33.08118854182854,16.308893149251105,-1.574934883562817,0.8753260308623019,0.0,85.29999999999993
33.080833501882566,16.223105291579376,-1.574934883562817,0.8578859234926229,0.0,85.39999999999992
33.08048631525727,16.139215021951706,-1.574934883562817,0.8389098805447514,0.0,85.49999999999991
33.08014723621419,16.05728377726508,-1.574934883562817,0.8193194633656027,0.0,85.59999999999991
33.07981636645794,15.977336132278298,-1.574934883562817,0.7994832964939432,0.0,85.6999999999999
33.08011738406514,15.899381830485693,-1.566934883562817,0.7795488297452795,0.08000000000000002,85.7999999999999
33.08162591054056,15.823439307430071,-1.550934883562817,0.759575043045814,0.16000000000000003,85.89999999999989
33.08486879938148,15.749551884889764,-1.526934883562817,0.7395855283660279,0.24000000000000005,85.99999999999989
33.09032247640801,15.677799873809363,-1.494934883562817,0.7195897224941133,0.32000000000000006,86.09999999999988
33.09840992082047,15.608309770093447,-1.4549348835628169,0.6995914001453476,0.4000000000000001,86.19999999999993
33.10877546783044,15.538718294596649,-1.4229348835628168,0.7035920712058413,0.32000000000000006,86.29999999999993
33.121040652038836,15.468055618617216,-1.3989348835628168,0.7171923396300388,0.24000000000000005,86.39999999999992
33.13476052955683,15.395884895448196,-1.3829348835628168,0.7346324469997177,0.16000000000000003,86.49999999999991
33.149426623437606,15.32196491674493,-1.3749348835628168,0.7536084899475893,0.08000000000000002,86.59999999999991
33.16447396952207,15.246123352443854,-1.3749348835628168,0.773198907126738,0.0,86.6999999999999
33.179284565116056,15.168215120888595,-1.3829348835628168,0.7930350739983975,-0.08000000000000002,86.7999999999999
33.19318769907622,15.088115822465259,-1.3989348835628168,0.8129695407470612,-0.16000000000000003,86.89999999999989
33.205458890823,15.00573036427942,-1.4229348835628168,0.8329433274465267,-0.24000000000000005,86.99999999999989
33.215318999090236,14.921008923092817,-1.4549348835628169,0.8529328421263128,-0.32000000000000006,87.09999999999988
33.22193481191325,14.833967121263747,-1.494934883562817,0.8729286479982273,-0.4000000000000001,87.19999999999987
33.22442231346891,14.744709079162538,-1.542934883562817,0.8929269703469931,-0.4800000000000001,87.29999999999987
33.2218756314955,14.65422789979665,-1.598934883562817,0.9051701170783035,-0.56,87.39999999999986
33.2135308030273,14.563916081677005,-1.662934883562817,0.9069653055238456,-0.6400000000000001,87.49999999999986
33.19896227670345,14.47474794616135,-1.7327480536425903,0.903504197587755,-0.6981317007977318,87.59999999999985
33.17828927784617,14.387152641682688,-1.8025612237223636,0.9000172358606657,-0.6981317007977318,87.69999999999985
33.151598033919754,14.301346961603695,-1.8723743938021369,0.8986121096534305,-0.6981317007977318,87.79999999999984
33.11897648341071,14.217586963963383,-1.9421875638819102,0.8988827933784781,-0.6981317007977318,87.89999999999984
33.0805583469254,14.136236162057665,-2.0120007339616834,0.8996613908414102,-0.6981317007977318,87.99999999999983
33.0365338825044,14.057718554109009,-2.0818139040414567,0.9001759953217369,-0.6981317007977318,88.09999999999982
32.9874622891489,13.982240399605788,-2.147272063889096,0.9002762399208254,-0.654581598476391,88.19999999999982
32.93402909196614,13.909800049288052,-2.2063247691014247,0.9001505938079655,-0.5905270521232895,88.29999999999981
32.87682315768457,13.84031867978965,-2.259600491895926,0.9000099790780421,-0.5327572279450123,88.3999999999998
32.81634912487036,13.773670718036895,-2.3076656611176496,0.8999477457392475,-0.4806516922172377,88.4999999999998
32.75304219235941,13.709706603048025,-2.351030891321619,0.8999542049601811,-0.43365230203969407,88.5999999999998
32.68727951314223,13.648265681775978,-2.39015654942606,0.8999842656724458,-0.39125658104441063,88.69999999999979
32.61938769878037,13.589182649584384,-2.4254577457796342,0.9000057305538842,-0.3530119635357436,88.79999999999978
32.549648380637045,13.532291320603413,-2.457308818923745,0.900010878174129,-0.3185107314411071,88.89999999999978
32.478303464424876,13.477427686775444,-2.4860473689999822,0.9000064103177494,-0.28738550076237246,88.99999999999977
32.40459028892213,13.423725805204766,-2.511977886092643,0.9120046231751976,-0.25930517092661054,89.09999999999977
32.32826031104855,13.370806040665514,-2.535375812548831,0.9288039083181768,-0.2339792645618779,89.19999999999976
32.249269506222475,13.318475715780965,-2.5564897466046266,0.9475236223753686,-0.21113934055795536,89.29999999999976
32.167651162936494,13.266614761246153,-2.575543864066765,0.9670115079982453,-0.19054117462138542,89.39999999999975
32.083464338192535,13.215132216378123,-2.5927402563478106,0.986806662247396,-0.17196392281045547,89.49999999999974
31.996773453079488,13.163949825496303,-2.608261091863456,1.0067247239470563,-0.1552083551564536,89.59999999999974
31.907640593064727,13.112995955777288,-2.622270581911032,1.0266919486269204,-0.14009490047576145,89.69999999999973
31.81612292729743,13.06220340945286,-2.634916757501979,1.0466788384988661,-0.12646175590946696,89.79999999999973
31.72227214491165,13.011508673863304,-2.6463330714374376,1.0666735944476444,-0.11416313935458744,89.89999999999972
31.626134649290517,12.96085167675666,-2.656639841518603,1.0866714968271558,-0.10306770081165473,89.99999999999972
31.52775200516415,12.910175698398133,-2.6659455502645777,1.1066706577789602,-0.09305708745974517,90.09999999999971
31.427161440295567,12.859427315096067,-2.6743480153394854,1.126670322159682,-0.08402465074907717,90.1999999999997
31.32439632762275,12.808556333035527,-2.6819354435869274,1.1466701879119707,-0.07587428247441741,90.2999999999997
31.219486623380693,12.757515702392016,-2.68878738031015,1.1666701342128862,-0.06851936723222707,90.3999999999997
31.11245925616606,12.70626141250671,-2.694975564274417,1.1866701127332524,-0.06188183964266791,90.49999999999969
31.003338469148673,12.654752372106088,-2.7005646978545754,1.206670104141399,-0.05589133580158645,90.59999999999968
30.89214612000039,12.6029502789967,-2.7056131408017055,1.2266701007046577,-0.05048442947129894,90.69999999999968
30.778901943569462,12.55081948320271,-2.7101735352495666,1.246670099329961,-0.045603944478612934,90.79999999999967
30.663623782075383,12.498326846824062,-2.7142933688151842,1.2666700987800825,-0.041198335656178475,90.89999999999966
30.546327787114258,12.445441603217105,-2.718015481959486,1.2866700985601311,-0.03722113144301753,90.99999999999966
30.42702859723692,12.392135217511237,-2.7213785251554317,1.3066700984721507,-0.03363043195945847,91.09999999999965
30.305739494361873,12.338381249986657,-2.724417370855308,1.3266700984369584,-0.030388456998765356,91.19999999999965
30.1824725418359,12.284155223441998,-2.7271634847493114,1.3466700984228814,-0.027461138940032104,91.29999999999964
30.057238706561503,12.229434495362563,-2.729645260358449,1.3666700984172506,-0.024817756091377152,91.39999999999964
29.9300479672695,12.174198135446867,-2.731888320600964,1.3866700984149982,-0.022430602425150603,91.49999999999963
29.8009094107218,12.118426808848875,-2.7339157896082944,1.4066700984140974,-0.020274690073302182,91.59999999999962
29.669831317378108,12.062102665335983,-2.7357485377399025,1.426670098413737,-0.018327481316081418,91.69999999999962
29.536821237845334,12.005209234439917,-2.7374054024524175,1.446670098413593,-0.016568647125150715,91.79999999999961
29.401886061244962,11.947731326582812,-2.7389033874141044,1.4666700984135352,-0.014979849616870045,91.89999999999961
29.265903191088313,11.890024612837792,-2.7402578420177424,1.4772070195910267,-0.013544546036377447,91.9999999999996
29.1296561762321,11.832402621066343,-2.7414825863171433,1.4793087234562712,-0.012247442994009816,92.0999999999996
28.993439581752114,11.774971252877148,-2.7425900740962934,1.47828693641689,-0.011074877791502846,92.19999999999959
28.857192407456562,11.717687627554964,-2.7435915506152626,1.4779954747418638,-0.010014765189693797,92.29999999999959
28.720763279008835,11.660472841592926,-2.7444971831331273,1.4794065979874604,-0.009056325178645075,92.39999999999958
28.58406939445278,11.603278617884047,-2.74531616661132,1.481769121715161,-0.008189834781926919,92.49999999999957
28.44711767448799,11.546095666712388,-2.746056814245247,1.484104561882814,-0.007406476339268497,92.59999999999957
28.309958178618924,11.488933820521165,-2.7467266396451087,1.4859409129250731,-0.006698253998615122,92.69999999999956
28.172638478598863,11.431802819589691,-2.747332432979407,1.4873012902916296,-0.006057933342984434,92.79999999999956
28.035185901931825,11.374704861618024,-2.747880330997721,1.488401412151356,-0.005478980183139637,92.89999999999955
27.897611681618912,11.317636295255731,-2.7483758805465897,1.48941221162423,-0.004955495488687234,92.99999999999955
27.759921469003707,11.260591933974693,-2.7488240957203005,1.4903910159411844,-0.004482151737110307,93.09999999999954
27.622122161884775,11.20356781890985,-2.7492295092333463,1.4913215193708589,-0.0040541351304579365,93.19999999999953
27.484223230479415,11.146561696944808,-2.7495962187155047,1.4921733553523135,-0.003667094821584893,93.29999999999953
27.346235109086557,11.089572291407483,-2.749927928535015,1.4929338226802868,-0.003317098195101842,93.39999999999952
27.208167435822965,11.032598519708312,-2.7502279876197555,1.4936094891922633,-0.0030005908474035614,93.49999999999952
27.070028339494996,10.975639151061323,-2.750499423653712,1.494214830972163,-0.0027143603395654026,93.59999999999951
26.93182462007189,10.918692837855625,-2.7507449739804173,1.4947625446907165,-0.002455503267051018,93.6999999999995
26.793562220615517,10.861758270633985,-2.7509671135217224,1.495260380273264,-0.002221395413050331,93.7999999999995
26.655246570790876,10.804834283206418,-2.751168079999675,1.4957125168650038,-0.002009664779529796,93.8999999999995
26.516882707356835,10.747919868999327,-2.751349896725141,1.4961219619045272,-0.001818167254659997,93.99999999999949
26.378475264298803,10.691014146796455,-2.7515143931908517,1.496491948300865,-0.0016449646571037313,94.09999999999948
26.240028444902848,10.63411632190391,-2.7516632236819545,1.496826118103197,-0.0014883049110263613,94.19999999999948
26.10154602882951,10.577225664284779,-2.751797884095444,1.4971281336561162,-0.0013466041348930702,94.29999999999947
25.963031411967258,10.520341502474642,-2.751919727141047,1.497401313921495,-0.0012184304560323156,94.39999999999947
25.824487656297872,10.4634632236896,-2.752029976079571,1.4976485179282748,-0.0011024893852398243,94.49999999999946
25.685917532659815,10.40659027290594,-2.7521297371397884,1.4978722140392222,-0.000997610602176291,94.59999999999945
25.54732355201864,10.349722148942885,-2.7522200107413672,1.4980745973763852,-0.000902736015790051,94.69999999999945
25.40870798875164,10.29285839883637,-2.7523017016390017,1.4982576699621222,-0.0008169089763461201,94.79999999999944
25.270072900666054,10.23599861229862,-2.7523756280917366,1.4984232704285252,-0.0007392645273487375,94.89999999999944
25.131420148265104,10.179142417163263,-2.752442530151397,1.4985730770846362,-0.0006690205966028984,94.99999999999943
24.992751413513638,10.122289475798645,-2.7525030771549566,1.4987086087489205,-0.0006054700355955234,95.09999999999943
24.854068217414756,10.06543948209736,-2.7525578744974837,1.4988312334628302,-0.0005479734252720192,95.19999999999942
24.71537193585053,10.008592158718606,-2.7526074697549094,1.4989421835104664,-0.0004959525742562754,95.29999999999941
24.576663813619366,9.951747254465696,-2.752652358219178,1.4990425715241684,-0.00044888464268932893,95.39999999999947
24.43906234949461,9.895355877180691,-2.752652358219178,1.4870827267296491,0.0,95.49999999999946
24.30301392232587,9.839600960368555,-2.752652358219178,1.4702987888118415,0.0,95.59999999999945
24.168697083652997,9.784555677431277,-2.752652358219178,1.4515852136447185,0.0,95.69999999999945
24.036621940915342,9.729190936195852,-2.744652358219178,1.4320997835778693,0.08000000000000002,95.79999999999944
23.90726253845495,9.672514517825611,-2.728652358219178,1.4123056115511297,0.16000000000000003,95.89999999999944
23.78110513490364,9.61359294825995,-2.704652358219178,1.3923879427404338,0.24000000000000005,95.99999999999943
23.658678644575904,9.551567590112468,-2.672652358219178,1.3724208752161553,0.32000000000000006,96.09999999999943
23.540575807493394,9.485669954187172,-2.632652358219178,1.3524340482064439,0.4000000000000001,96.19999999999942
23.427468176339097,9.415238362410001,-2.584652358219178,1.3324393174025593,0.4800000000000001,96.29999999999941
23.320115707339763,9.339736889957914,-2.528652358219178,1.3124414250810055,0.56,96.39999999999941
23.219370737642205,9.25877689214599,-2.464652358219178,1.292442268152384,0.6400000000000001,96.49999999999946
23.124801481100434,9.173643129413316,-2.408652358219178,1.2724426053809352,0.56,96.59999999999945
23.035846493319223,9.085477726190431,-2.360652358219178,1.2524427402723557,0.48000000000000004,96.69999999999945
22.95185139896158,8.995289165195599,-2.320652358219178,1.232442794228924,0.4,96.79999999999944
22.872100389049955,8.903965826260766,-2.288652358219178,1.2124428158115512,0.32,96.89999999999944
22.795842908288957,8.812292517584355,-2.2646523582191778,1.1924428244446021,0.24,96.99999999999943
22.72231614739535,8.72096871302396,-2.2486523582191777,1.1724428278978225,0.15999999999999998,97.09999999999943
22.64927397264936,8.628746058464472,-2.2406523582191777,1.1764428292791107,0.07999999999999996,97.19999999999942
22.57538741040559,8.535457284819763,-2.2406523582191777,1.190042829831626,-5.551115123125783e-17,97.29999999999941
22.499663205168563,8.44140414776448,-2.2486523582191777,1.207482830052632,-0.08000000000000007,97.39999999999941
22.422765194441652,8.348960822812998,-2.2646523582191778,1.2024588301410344,-0.1600000000000001,97.4999999999994
22.344592413755233,8.25944472321733,-2.288652358219178,1.1884492301763954,-0.2400000000000001,97.59999999999945
22.267577563157463,8.171254576008543,-2.288652358219178,1.1708453901905398,0.0,97.69999999999945
22.191815210167015,8.084498670994748,-2.288652358219178,1.1518038541961975,0.0,97.79999999999944
22.117343181791355,7.999220324099187,-2.288652358219178,1.1321872397984605,0.0,97.89999999999944
22.044176608833475,7.915436861691159,-2.288652358219178,1.1123405940393658,0.0,97.99999999999943
21.972982089122027,7.832583012926918,-2.2806523582191778,1.092401935735728,0.08000000000000002,98.09999999999943
21.904399730780607,7.750136390730018,-2.2646523582191778,1.072426472414273,0.16000000000000003,98.19999999999942
21.839056789094748,7.667634746167102,-2.2406523582191777,1.052436287085691,0.24000000000000005,98.29999999999941
21.777577617249023,7.584691154718371,-2.2086523582191777,1.032440212954258,0.32000000000000006,98.39999999999941
21.720590136156837,7.501008356936993,-2.1686523582191777,1.012441783301685,0.4000000000000001,98.4999999999994
21.66872862021821,7.41639274038302,-2.1206523582191776,0.9924424114406557,0.4800000000000001,98.5999999999994
21.6226324376182,7.330768040254937,-2.0646523582191776,0.972442662696244,0.56,98.69999999999945
21.58156021161627,7.2448346682569875,-2.0166523582191775,0.9524427631984793,0.48000000000000004,98.79999999999944
21.544746866550682,7.159165108662026,-1.9766523582191775,0.9324428033993735,0.4,98.89999999999944
21.511423741419478,7.074223432673786,-1.9446523582191775,0.9124428194797312,0.32,98.99999999999943
21.480011512165422,6.988130771053041,-1.9206523582191775,0.9164428259118742,0.24,99.09999999999943
21.449535070852914,6.900261645911817,-1.9046523582191774,0.9300428284847314,0.15999999999999998,99.19999999999942
21.419204261167454,6.810499297980957,-1.8966523582191774,0.9474828295138743,0.07999999999999996,99.29999999999941
21.388265991970172,6.718939207338326,-1.8966523582191774,0.9664588299255314,-5.551115123125783e-17,99.39999999999941
21.35595428484046,6.625778676940638,-1.9046523582191774,0.9860492300901943,-0.08000000000000007,99.4999999999994
21.32147629932353,6.531283583438445,-1.9206523582191775,1.0058853901560594,-0.1600000000000001,99.5999999999994
21.284889055008446,6.438021566755505,-1.9446523582191775,1.0018198541824055,-0.2400000000000001,99.69999999999939
21.24587463683642,6.347229816733982,-1.9766523582191775,0.988193639792944,-0.3200000000000001,99.79999999999944
21.207549173259086,6.25804135586217,-1.9766523582191775,0.9707431540371593,0.0,99.89999999999944
21.16997305799536,6.170596728371858,-1.9766523582191775,0.9517629597348454,0.0,99.99999999999943
21.13317044853281,6.084952151955759,-1.9766523582191775,0.9321708820139198,0.0,100.09999999999943
21.097151007866458,6.00113011369096,-1.9766523582191775,0.9123340509255496,0.0,100.19999999999942
21.061918601194318,5.919139608408295,-1.9766523582191775,0.8923993184902016,0.0,100.29999999999941
21.028117112947207,5.838711251324805,-1.9686523582191775,0.8724254255160624,0.08000000000000002,100.39999999999941
20.99635164778265,5.759607368240768,-1.9526523582191775,0.8524358683264067,0.16000000000000003,100.4999999999994
20.967194029049633,5.681636876626843,-1.9286523582191775,0.8324400454505444,0.24000000000000005,100.5999999999994
20.941186153962047,5.604668013719323,-1.8966523582191774,0.8124417163001995,0.32000000000000006,100.69999999999939
20.918840954832934,5.5286394572052036,-1.8566523582191774,0.7924423846400614,0.4000000000000001,100.79999999999939
20.900640694775223,5.453569975791323,-1.8086523582191774,0.7724426519760063,0.4800000000000001,100.89999999999944
20.885378342404252,5.377440519082715,-1.7686523582191773,0.7764427589103842,0.4000000000000001,100.99999999999943
20.872334998373226,5.299520383935132,-1.7366523582191773,0.7900428016841353,0.32000000000000006,101.09999999999943
20.860918746104097,5.219583194776413,-1.7126523582191773,0.8074828187936358,0.24000000000000005,101.19999999999942
20.85054470103669,5.1375909933565245,-1.6966523582191773,0.826458825637436,0.16000000000000003,101.29999999999941
20.84059656796832,5.05357297376077,-1.6886523582191773,0.8460492283749561,0.08000000000000002,101.39999999999941
20.83041519460669,4.967585098374489,-1.6886523582191773,0.8658853894699642,0.0,101.4999999999994
20.819296025930672,4.879703745268556,-1.6966523582191773,0.8858198539079674,-0.08000000000000002,101.5999999999994
20.80648984794927,4.790034224346376,-1.7126523582191773,0.9057936396831686,-0.16000000000000003,101.69999999999939
20.791205475824214,4.698726325175933,-1.7366523582191773,0.9257831539932492,-0.24000000000000005,101.79999999999939
20.77308628399725,4.608346795450932,-1.7686523582191773,0.9217789597172814,-0.32000000000000006,101.89999999999938
20.75168785050999,4.5200860068762445,-1.8086523582191774,0.9081772820068943,-0.4000000000000001,101.99999999999943
20.730700353353736,4.4335201818440915,-1.8086523582191774,0.8907366109227395,0.0,102.09999999999943
20.71015997420622,4.348798556671748,-1.8086523582191774,0.8717603424890775,0.0,102.19999999999942
20.69008118573854,4.265980825886126,-1.8086523582191774,0.8521698351156127,0.0,102.29999999999941
20.670469777019132,4.185090867297988,-1.8086523582191774,0.8323336321662268,0.0,102.39999999999941
20.651328063675372,4.1061382320316415,-1.8086523582191774,0.8123991509864724,0.0,102.4999999999994
20.632656971958212,4.029126740536808,-1.8086523582191774,0.7924253585145706,0.0,102.5999999999994
20.61505799891861,3.953914723939138,-1.8006523582191774,0.7724358415258099,0.08000000000000002,102.69999999999939
20.599088989746043,3.880384792586688,-1.7846523582191773,0.7524400347303056,0.16000000000000003,102.79999999999939
20.58526653174904,3.808456715524436,-1.7606523582191773,0.732441712012104,0.24000000000000005,102.89999999999938
20.574066847878306,3.7380982862421415,-1.7286523582191773,0.7124423829248233,0.32000000000000006,102.99999999999937
20.565924872912525,3.66933436767353,-1.6886523582191773,0.692442651289911,0.4000000000000001,103.09999999999943
20.55995283499547,3.5999466171430385,-1.6566523582191772,0.6964427586359461,0.32000000000000006,103.19999999999942
20.555563592257872,3.5290781308542365,-1.6326523582191772,0.7100428015743601,0.24000000000000005,103.29999999999941
20.55222881376008,3.4564063222340353,-1.6166523582191772,0.7274828187497256,0.16000000000000003,103.39999999999941
20.54940369176751,3.3818139200124615,-1.6086523582191772,0.7464588256198719,0.08000000000000002,103.4999999999994
20.546504425996677,3.3052638810783037,-1.6086523582191772,0.7660492283679303,0.0,103.5999999999994
20.542901930334956,3.226757954685536,-1.6166523582191772,0.7858853894671537,-0.08000000000000002,103.69999999999939
20.537920626484357,3.146330080279628,-1.6326523582191772,0.8058198539068431,-0.16000000000000003,103.79999999999939
20.53083939709875,3.064054886303602,-1.6566523582191772,0.8257936396827188,-0.24000000000000005,103.89999999999938
20.52089439262298,2.980063289570586,-1.6886523582191773,0.8457831539930691,-0.32000000000000006,103.99999999999937
20.507284238478366,2.8945618523016727,-1.7286523582191773,0.8657789597172093,-0.4000000000000001,104.09999999999937
20.48917849092215,2.8078543218407876,-1.7766523582191773,0.8857772820068653,-0.4800000000000001,104.19999999999942
20.471154519160116,2.7215384116177868,-1.7766523582191773,0.8817766109227277,0.0,104.29999999999941
20.453408543946377,2.636553813129058,-1.7766523582191773,0.8681763424890727,0.0,104.39999999999941
20.43601905358258,2.5532764029731565,-1.7766523582191773,0.8507362351156107,0.0,104.4999999999994
20.419017443389382,2.4718565317895043,-1.7766523582191773,0.8317601921662259,0.0,104.5999999999994
20.402416271495046,2.39235433983387,-1.7766523582191773,0.8121697749864719,0.0,104.69999999999939
20.38622056115088,2.3147938832085617,-1.7766523582191773,0.7923336081145703,0.0,104.79999999999939
20.371037693217247,2.2390608992640724,-1.7686523582191773,0.7723991413658097,0.08000000000000002,104.89999999999938
20.35742968122883,2.165059134736662,-1.7526523582191773,0.7524253546663054,0.16000000000000003,104.99999999999937
20.345915697698306,2.0927262184382975,-1.7286523582191773,0.7324358399865037,0.24000000000000005,105.09999999999937
20.336972862565496,2.0220457138993564,-1.6966523582191773,0.7124400341145831,0.32000000000000006,105.19999999999936
20.3310351338624,1.9530565943240195,-1.6566523582191772,0.6924417117658148,0.4000000000000001,105.29999999999941
20.327286184477572,1.8835133322170559,-1.6246523582191772,0.6964423828263075,0.32000000000000006,105.39999999999941
20.325166593833863,1.8125407107250215,-1.6006523582191772,0.7100426512505046,0.24000000000000005,105.4999999999994
20.324158623691478,1.7397994182077148,-1.5846523582191772,0.7274827586201834,0.16000000000000003,105.5999999999994
20.32372149757,1.6651548179667188,-1.5766523582191772,0.746458801568055,0.08000000000000002,105.69999999999939
20.32327289930423,1.5885512095985228,-1.5766523582191772,0.7660492187472037,0.0,105.79999999999939
20.322184008887714,1.5099702150072483,-1.5846523582191772,0.7858853856188631,-0.08000000000000002,105.89999999999938
20.319778508011698,1.4294241417930207,-1.6006523582191772,0.8058198523675268,-0.16000000000000003,105.99999999999937
20.315333260807453,1.346964508513893,-1.6246523582191772,0.8257936390669923,-0.24000000000000005,106.09999999999937
20.308080620154435,1.262697726000398,-1.6566523582191772,0.8457831537467785,-0.32000000000000006,106.19999999999936
20.297213012880025,1.1768046111348078,-1.6966523582191773,0.865778959618693,-0.4000000000000001,106.29999999999936
20.281890702136483,1.0895621860998808,-1.7446523582191773,0.8857772819674588,-0.4800000000000001,106.39999999999941
20.266637595612124,1.0027137971868885,-1.7446523582191773,0.881776610906965,0.0,106.4999999999994
20.25161974860868,0.9172049328051842,-1.7446523582191773,0.8681763424827675,0.0,106.5999999999994
20.23690358324684,0.8334137883185091,-1.7446523582191773,0.8507362351130886,0.0,106.69999999999939
20.22251566837488,0.7514916418723595,-1.7446523582191773,0.831760192165217,0.0,106.79999999999939
20.208466631532108,0.6714990047249341,-1.7446523582191773,0.8121697749860683,0.0,106.89999999999938
20.19476072373425,0.5934600813795122,-1.7446523582191773,0.7923336081144089,0.0,106.99999999999937
20.182008670670005,0.5172801005546784,-1.7366523582191773,0.7723991413657452,0.08000000000000002,107.09999999999937
20.17077527772647,0.4428808396280879,-1.7206523582191773,0.7524253546662797,0.16000000000000003,107.19999999999936
20.161581447160085,0.37021657002820957,-1.6966523582191773,0.7324358399864935,0.24000000000000005,107.29999999999936
20.15490458052337,0.2992861289326729,-1.6646523582191772,0.712440034114579,0.32000000000000006,107.39999999999935
20.15117716675108,0.23014235388023724,-1.6246523582191772,0.6924417117658133,0.4000000000000001,107.4999999999994
20.14965514127248,0.16051474897808413,-1.5926523582191772,0.696442382826307,0.32000000000000006,107.5999999999994
20.149807372069024,0.08951064704211821,-1.5686523582191771,0.7100426512505045,0.24000000000000005,107.69999999999939
20.151127242079763,0.016774345348596037,-1.5526523582191771,0.7274827586201834,0.16000000000000003,107.79999999999939
20.1530785593173,-0.05784602576695565,-1.5446523582191771,0.746458801568055,0.08000000000000002,107.89999999999938
20.155081087845605,-0.13442476912910112,-1.5446523582191771,0.7660492187472037,0.0,107.99999999999937
20.1565069175853,-0.21300037223112317,-1.5526523582191771,0.7858853856188631,-0.08000000000000002,108.09999999999937
20.15667968269706,-0.2935821722663196,-1.5686523582191771,0.8058198523675268,-0.16000000000000003,108.19999999999936
20.15487496921362,-0.37614181345060377,-1.5926523582191772,0.8257936390669923,-0.24000000000000005,108.29999999999936
20.15032211845076,-0.46059749994683447,-1.6246523582191772,0.8457831537467785,-0.32000000000000006,108.39999999999935
20.142208185525263,-0.5467943453744067,-1.6646523582191772,0.865778959618693,-0.4000000000000001,108.49999999999935
20.12968500030095,-0.6344823363670969,-1.7126523582191773,0.8857772819674588,-0.4800000000000001,108.59999999999934
20.111948500476423,-0.7229529772442818,-1.7686523582191773,0.9023102417264898,-0.56,108.69999999999933
20.088454741820506,-0.8106130163778623,-1.8326523582191774,0.9075372805942082,-0.6400000000000001,108.79999999999933
20.058982534200403,-0.896190774952655,-1.9024655282989507,0.9051057277847706,-0.6981317007977318,108.89999999999932
20.023770239113414,-0.9791326809861434,-1.972278698378724,0.9010696699901332,-0.6981317007977318,108.99999999999932
19.982960426380558,-1.0592152338403527,-2.042091868458497,0.8988134448781983,-0.6981317007977318,109.09999999999931
19.936673563139667,-1.136239627625786,-2.1119050385382705,0.8986228879065052,-0.6981317007977318,109.1999999999993
19.88508347800512,-1.2099090231077574,-2.1817182086180438,0.8993729323739249,-0.6981317007977318,109.2999999999993
19.828437585178804,-1.2798527739605994,-2.251531378697817,0.9000491907365378,-0.6981317007977318,109.3999999999993
19.76703421307849,-1.3456923514977186,-2.3213445487775903,0.9002901796396602,-0.6981317007977318,109.49999999999929
19.701193363557056,-1.4070829647804364,-2.3911577188573636,0.900212467417113,-0.6981317007977318,109.59999999999928
19.63124282973884,-1.46372122998164,-2.460970888937137,0.9000539020778263,-0.6981317007977318,109.69999999999928
19.557519651361723,-1.5153365320927397,-2.53078405901691,0.8999581346954157,-0.6981317007977318,109.79999999999927
19.48037668792632,-1.5616827538089293,-2.6005972290966834,0.899944946925202,-0.6981317007977318,109.89999999999927
19.40037494595434,-1.602904470837888,-2.665811513356881,0.8999727036619952,-0.6521428426019771,109.99999999999926
19.318080999141262,-1.639342220944034,-2.7247627738595024,0.9000001841595153,-0.5895126050262114,110.09999999999926
19.23396190654278,-1.6713449934358586,-2.778055975534404,0.9000110658628141,-0.532932016749017,110.19999999999925
19.14839932141392,-1.699259184259042,-2.826236953037925,0.9000087790264452,-0.4818097750352095,110.29999999999924
19.061702903958782,-1.7234206814038924,-2.8697983491681858,0.9000025968760305,-0.43561396130260377,110.39999999999924
18.97412272373648,-1.744149555427194,-2.9091849202608118,0.8999985658902462,-0.3938657109262582,110.49999999999923
18.88586008199851,-1.7617469053638872,-2.944798282830206,0.8999978139617847,-0.3561336256939427,110.59999999999923
18.79707651441999,-1.776493327800693,-2.977001167035309,0.8999988248133293,-0.3220288420510329,110.69999999999922
18.707901121399594,-1.7886484952797839,-3.0061212340353705,0.8999999342659495,-0.2912006700006149,110.79999999999922
18.61724369267247,-1.7985821508086137,-3.0324545063660837,0.9120003780469975,-0.26333272330713164,110.89999999999921
18.524701513537984,-1.8064973135432105,-3.0562699809654696,0.9288005555594168,-0.23815474599386022,110.9999999999992
18.430142115816974,-1.8125366579024513,-3.077811022809408,0.9475206265643844,-0.2154104184393848,111.0999999999992
18.333536101557335,-1.8168186430338074,-3.097297437757992,0.9670086549663715,-0.1948641494858343,111.19999999999919
18.234890794868043,-1.819449645534381,-3.114927635340512,0.9868038663271663,-0.17630197582520069,111.29999999999919
18.134224375607467,-1.8205280225178353,-3.1308806828604894,1.0067219508714842,-0.15953047519977304,111.39999999999918
18.031556169641735,-1.820145526300171,-3.1453181930051146,1.0266891846892114,-0.14437510144625243,111.49999999999918
17.926903320533462,-1.8183878856588878,-3.1583860368999273,1.0466760782163023,-0.13067843894812725,111.59999999999917
17.820279929610937,-1.8153351452576711,-3.1702158912894394,1.0666708356271386,-0.11829854389512207,111.69999999999916
17.71169710754131,-1.8110619467232099,-3.180926633394001,1.086668738591473,-0.1071074210456171,111.79999999999916
17.601163325098426,-1.8056378022890356,-3.1906255976781503,1.1066678997772068,-0.09698964284149092,111.89999999999915
17.48868482810217,-1.799127370903411,-3.199409708047773,1.1266675642515003,-0.08784110369622766,111.99999999999915
17.374266031241056,-1.7915907353125824,-3.2073664978706096,1.1466674300412176,-0.07956789822836541,112.09999999999914
17.25790986415403,-1.7830836763980114,-3.214575029037572,1.1666673763571045,-0.07208531166962473,112.19999999999914
17.13961806549219,-1.77365794137055,-3.2211067201677097,1.1866673548834592,-0.06531691130137673,112.29999999999913
17.019391428640404,-1.7633615032761865,-3.227026093040442,1.2066673462940012,-0.05919372872732431,112.39999999999912
16.897230005120612,-1.7522388100786603,-3.2323914454187115,1.226667342858218,-0.053653523782696055,112.49999999999912
16.773133271916898,-1.7403310222324102,-3.2372554576001455,1.2466673414839047,-0.04864012181434063,112.59999999999911
16.647100268438955,-1.7276762381480464,-3.2416657392917827,1.2666673409341793,-0.0441028169163733,112.69999999999911
16.519129708113482,-1.7143097073119387,-3.2456653227387946,1.2866673407142892,-0.039995834470120784,112.7999999999991
16.389220068864372,-1.7002640310818222,-3.249293107440906,1.3066673406263332,-0.036277847021114695,112.8999999999991
16.257369666081658,-1.6855693513660717,-3.2525842612546665,1.3266673405911507,-0.03291153813760417,112.99999999999909
16.123576711103393,-1.670253527524258,-3.255570582198873,1.3466673405770777,-0.029863209442067884,113.09999999999908
15.987839357742372,-1.6543423019149102,-3.2582808248485446,1.3666673405714485,-0.02710242649671457,113.19999999999908
15.85015573897261,-1.6378594545736442,-3.260740994814788,1.3866673405691967,-0.02460169966243342,113.29999999999907
15.71052399553893,-1.620826947538985,-3.262974614459119,1.4066673405682961,-0.022336196443307088,113.39999999999907
15.568942297957532,-1.6032650593602762,-3.2650029626772326,1.4266673405679358,-0.020283482181136847,113.49999999999906
15.425408863127593,-1.5851925103266062,-3.2668452913052524,1.4466673405677917,-0.018423286280199846,113.59999999999906
15.280078434469713,-1.5666465461950312,-3.2685190204478647,1.4650899726451208,-0.01673729142612146,113.69999999999905
15.13391269552611,-1.5477680216034788,-3.2700398990134354,1.4737985592231797,-0.015208785655707047,113.79999999999905
14.987635790346925,-1.528669546079228,-3.2714220943477845,1.4751842175182954,-0.01382195334349312,113.89999999999904
14.84145752855623,-1.509397146203257,-3.272678384680831,1.4744324201918677,-0.012562903330465502,113.99999999999903
14.695269829038558,-1.4899536340505704,-3.2738203449111345,1.474750611293337,-0.011419602303034182,114.09999999999903
14.548914705986297,-1.4703332075325357,-3.274858485746514,1.4766442760662473,-0.010381408353797639,114.19999999999902
14.402320210922765,-1.450539820158728,-3.275802354353151,1.4792472466312498,-0.009438686066365776,114.29999999999902
14.255502118699873,-1.4305879218339617,-3.2766606166124257,1.4816757557148446,-0.008582622592747668,114.39999999999901
14.108511010433249,-1.4104956511934845,-3.2774411335771703,1.4835796321377726,-0.007805169647447485,114.499999999999
13.96138935986248,-1.3902791330267243,-3.2781510351192593,1.4850416719221846,-0.007099015420891419,114.599999999999
13.814158451353054,-1.3699507225107257,-3.27879678918345,1.48627671362429,-0.0064575406419074,114.699999999999
13.666825153387649,-1.3495199629585135,-3.2793842648857727,1.487431229510902,-0.005874757023228483,114.79999999999899
13.519392637256532,-1.3289951171801664,-3.279918789067073,1.4885434527408614,-0.005345241813003554,114.89999999999898
13.371866303741918,-1.3083840569348322,-3.280405196945213,1.489591718716975,-0.00486407878140227,114.99999999999898
13.224254292336715,-1.2876944019273127,-3.28084787777375,1.4905491516692677,-0.004426808285369788,115.09999999999897
13.076565567831572,-1.2669333126364466,-3.2812508162311764,1.4914081324204675,-0.004029384574261385,115.19999999999897
12.928808230820174,-1.2461073049531457,-3.281617630013693,1.492178046907443,-0.0036681378251675056,115.29999999999896
12.780988971978765,-1.2252222186497552,-3.281951603957707,1.4928737426294183,-0.00333973944013799,115.39999999999895
12.633113347880263,-1.204283297412136,-3.282255720973492,1.493507235506967,-0.003041170157855433,115.49999999999895
12.485186253021078,-1.1832952936587668,-3.282532690068753,1.4940857303056563,-0.0027696909526078173,115.59999999999894
12.337212217044506,-1.1622625458839493,-3.282784971736481,1.4946133882096404,-0.002522816677277717,115.69999999999894
12.189195480779462,-1.1411890217796135,-3.283014800963487,1.495093563384305,-0.002298292270060287,115.79999999999893
12.041139962670718,-1.1200783429329706,-3.283224208089929,1.4955299129009432,-0.002094071264419739,115.89999999999893
11.893049223665122,-1.0989338066333014,-3.2834150377242297,1.4959264151204548,-0.0019082963430072652,115.99999999999892
11.744926472602684,-1.0777584110402991,-3.2835889658958974,1.4962869631466167,-0.0017392817166754782,116.09999999999891
11.596774602730788,-1.0565548826315725,-3.2837475156109455,1.4966150528281805,-0.001585497150479398,116.19999999999891
11.448596235200503,-1.0353257026902818,-3.2838920709594466,1.4969137144444875,-0.0014455534850110752,116.2999999999989
11.300393754149887,-1.0140731308002244,-3.2840238899110648,1.4971855997671166,-0.0013181895161817891,116.3999999999989
11.152169330863234,-0.9927992251359168,-3.284144115921745,1.4974330943609688,-0.0012022601068046868,116.49999999999889
11.003924941289439,-0.9715058602983812,-3.2842537884630607,1.4976583864891084,-0.0010967254131575288,116.59999999999889
10.855662381471362,-0.9501947434792746,-3.2843538525750877,1.4978634899044267,-0.0010006411202709842,116.69999999999888
10.707383282923576,-0.9288674293671567,-3.2844451675341007,1.4980502459323792,-0.0009131495901311126,116.79999999999887
10.55908912786618,-0.9075253338941184,-3.2845285147177545,1.498220326366156,-0.0008334718365397009,116.89999999999887
10.410781263514796,-0.8861697468092745,-3.2846046047426434,1.4983752443299108,-0.0007609002488866423,116.99999999999886
10.262460914904151,-0.8648018430962267,-3.2846740839420865,1.4985163703167588,-0.0006947919944302328,117.09999999999886
10.114129196219706,-0.8434226933149296,-3.2847375402456245,1.4986449483867936,-0.0006345630353781218,117.19999999999885
9.965787120891523,-0.8220332729813916,-3.284795508515925,1.4987621097051051,-0.0005796827030053464,117.29999999999885
9.817435610723349,-0.8006344710947105,-3.284848475393578,1.4988688832370747,-0.0005296687765330432,117.39999999999884
9.669075504227205,-0.7792270979000511,-3.284896883695521,1.4989662046438041,-0.0004840830194297041,117.49999999999883
9.520707564239148,-0.7578118919568766,-3.28494113640855,1.4990549243402849,-0.0004425271302910261,117.59999999999883
9.372332484852473,-0.7363895265708862,-3.2849816003155,1.499135815119267,-0.0004046390694991686,117.69999999999882
9.223950897706944,-0.7149606156436868,-3.285018609288152,1.4992095793234583,-0.00037008972651975114,117.79999999999882
9.075563377686338,-0.6935257189918839,-3.2850524672777563,1.4992768554319564,-0.00033857989604335614,117.89999999999881
8.927170448083334,-0.6720853471842942,-3.285083451031165,1.4993382239978272,-0.00030983753408797554,117.9999999999988
8.778772585287554,-0.6506399659419179,-3.285111812557966,1.4993942129735738,-0.000283615268010351,118.0999999999988
8.630370223044503,-0.6291900001408561,-3.2851377813716365,1.4994453025097152,-0.0002596881367047388,118.1999999999988
8.481963756325557,-0.6077358374542621,-3.2851615665255958,1.4994919293075344,-0.00023785153959110517,118.29999999999879
8.333553544843891,-0.5862778316659258,-3.2851833584630894,1.4995344905818369,-0.00021791937493631508,118.39999999999878
8.185139916248138,-0.564816305685154,-3.2852033306980815,1.4995733476686435,-0.00019972234992238214,118.49999999999878
8.036723169023272,-0.543351554290002,-3.28522164134273,1.4996088293040122,-0.00018310644648522612,118.59999999999877
7.888303575125899,-0.5218838466235289,-3.285238434495578,1.4996412345995975,-0.00016793152848038062,118.69999999999877
7.7398813823787656,-0.5004134284655105,-3.285253841503283,1.499670835741878,-0.0001540700770501502,118.79999999999876
7.591456816646839,-0.47894052429999423,-3.2852679821075137,1.4996978804416725,-0.00014140604230661324,118.89999999999876
7.443030083815145,-0.4574653391972009,-3.285280965487571,1.4997225941583423,-0.00012983380057107752,118.99999999999875
7.2946013715865785,-0.43598806052658395,-3.2852928912083104,1.4997451821201497,-0.00011925720739469625,119.09999999999874
7.146170851116223,-0.41450885951632516,-3.2853038500820584,1.49976583115964,-0.00010958873747846098,119.19999999999874
6.997738678497214,-0.39302789267315796,-3.285313924952411,1.4997847113808227,-0.00010074870352738685,119.29999999999873
6.849304996111789,-0.371545303075145,-3.285323191407078,1.499801977673521,-9.266454667056223e-05,119.39999999999873
6.700869933859929,-0.35006122154888825,-3.285331718426271,1.4998177710888838,-8.527019192783314e-05,119.49999999999872
6.552433610276841,-0.32857576774160274,-3.2853395689725384,1.4998322200889014,-7.850546267285097e-05,119.59999999999872
6.4039961335494775,-0.30708905109753354,-3.2853468005274093,1.499845441681549,-7.2315548708346e-05,119.69999999999871
6.2555576024413595,-0.2856011717473329,-3.2853534655797096,1.4998575424520966,-6.665052300114382e-05,119.7999999999987
6.1071181071341245,-0.26411222131822804,-3.285359612069974,1.499868619500091,-6.146490264313798e-05,119.8999999999987
5.9586777299934255,-0.24262228367209704,-3.2853652837949703,1.499878761290641,-5.671724996503258e-05,119.99999999999869
5.810236546266135,-0.22113143557792264,-3.285370520775986,1.49988804842782,-5.23698101559944e-05,120.09999999999869
5.661794624715162,-0.19963974732450296,-3.2853753595941932,1.4998965543572482,-4.838818207453244e-05,120.19999999999868
5.513352028197626,-0.1781472832787629,-3.2853798336961155,1.4999043460042862,-4.4741019223693e-05,120.29999999999868
5.364908814191606,-0.1566541023945214,-3.285383973671934,1.49991148435365,-4.1399758185178825e-05,120.39999999999867
5.216465035276225,-0.13516025867612713,-3.28538780750914,1.4999180249756745,-3.8338372061019754e-05,120.49999999999866
5.0680207395694,-0.11366580160096956,-3.285391360823809,1.4999240185039757,-3.553314668636176e-05,120.59999999999866
4.9195759711272204,-0.09217077650450675,-3.2853946570715724,1.4999295110687687,-3.2962477634512766e-05,120.69999999999865
4.771130770308571,-0.07067522493111365,-3.285397717740195,1.499934544689651,-3.060668622367757e-05,120.79999999999865
4.62268517410832,-0.04917918495375041,-3.2854005625254867,1.4999391576312744,-2.844785291777896e-05,120.89999999999864
4.474239216462124,-0.0276826914651694,-3.285403209492158,1.4999433847249368,-2.6469666710937645e-05,120.99999999999864
4.325792928525664,-0.006185776443124447,-3.285405675221085,1.499947257658726,-2.4657289271701188e-05,121.09999999999863
4.177346338930959,0.015311530808189835,-3.285407974944362,1.4999508052385027,-2.2997232765220588e-05,121.19999999999862
4.028899474022193,0.036809203438457394,-3.28541012266941,1.499954053621629,-2.147725048118332e-05,121.29999999999862
3.880452358073424,0.05830721685150833,-3.285412131293368,1.4999570265249276,-2.0086239583605447e-05,121.39999999999861
3.732005013490417,0.07980554852391161,-3.2854140127089164,1.4999597454079436,-1.8814155483326545e-05,121.49999999999861
3.5835574609988448,0.1013041778404468,-3.285415777902678,1.4999622296320612,-1.765193761293915e-05,121.5999999999986
3.435109719821113,0.1228030859451774,-3.2854174370473457,1.499964496595383,-1.6591446676983423e-05,121.6999999999986
3.286661807844191,0.14430225560701265,-3.2854189995887286,1.4999665618425075,-1.562541382860161e-05,121.79999999999859
3.138213741781037,0.1658016710988088,-3.2854204743290034,1.4999684391472876,-1.474740274787223e-05,121.89999999999858
2.989765537328583,0.18730131808922862,-3.2854218695076387,1.4999701405651455,-1.3951786353771922e-05,121.99999999999858
2.841317209325823,0.20880118354675664,-3.2854231928817246,1.499971676449488,-1.3233740858709098e-05,122.09999999999857
2.6928687719164355,0.23030125565546702,-3.285424451807876,1.4999730554236157,-1.2589261512374605e-05,122.19999999999857
2.544420238721756,0.2518015237423705,-3.2854256533285393,1.49997428429492,-1.201520663407507e-05,122.29999999999856
2.395971623032014,0.27330197821644747,-3.2854268042665726,1.499975367890838,-1.1509380332341834e-05,122.39999999999856
2.247522938027053,0.2948026105198291,-3.285427911333588,1.4999763087844866,-1.1070670154822437e-05,122.49999999999855
2.099074197042991,0.3163034130920592,-3.2854289812601754,1.4999771068587393,-1.0699265873270747e-05,122.59999999999854
1.9518130546945103,0.33763236430181726,-3.2854300209604226,1.4879774260884404,-1.039700247140729e-05,122.69999999999854
1.8062145721603284,0.35872065088973165,-3.285431037046281,1.471177553780321,-1.016085858474014e-05,122.79999999999853
1.6624687733886316,0.37954074393847403,-3.2854320363714886,1.452457604857073,-9.993252076512249e-06,122.89999999999853
1.5206516675572173,0.40008162910867234,-3.2854330264584974,1.432969625287774,-9.90087008645446e-06,122.99999999999852
1.3807936580587992,0.42033889874186464,-3.285434015980957,1.4131744334600542,-9.895224593492458e-06,123.09999999999852
1.2429069061116096,0.44031078881543917,-3.2854350154440826,1.3932563567289664,-9.994631255949571e-06,123.19999999999851
1.1069962762365393,0.45999659395171594,-3.2854360382613765,1.3732891260365312,-1.0228172939719116e-05,123.2999999999985
0.9730636938586109,0.4793958912731527,-3.2854360382613765,1.353302233759557,0.0,123.3999999999985
0.8411099373189002,0.4985085680419102,-3.2854360382613765,1.3333074768487674,0.0,123.4999999999985
0.7111353179538372,0.5173345791628526,-3.2854360382613765,1.3133095740844516,0.0,123.59999999999849
0.5831399602979943,0.5358739065979259,-3.2854360382613765,1.2933104129787252,0.0,123.69999999999848
0.4571239141652002,0.5541265431319081,-3.2854360382613765,1.2733107485364346,0.0,123.79999999999848
0.3330871994809865,0.5720924858787108,-3.2854360382613765,1.2533108827595183,0.0,123.89999999999847
0.2110298242155657,0.5897717336838982,-3.2854360382613765,1.2333109364487518,0.0,123.99999999999847
0.09095179155702297,0.6071642860856964,-3.2854360382613765,1.2133109579244452,0.0,124.09999999999846
-0.027146897219407717,0.6242701428993955,-3.2854360382613765,1.1933109665147226,0.0,124.19999999999845
-0.14326624160363277,0.6410893040511118,-3.2854360382613765,1.1733109699508335,0.0,124.29999999999845
-0.2574062413916147,0.6576217695112916,-3.2854360382613765,1.1533109713252778,0.0,124.39999999999844
